{"producer":{"name":"Blender","version":"2.90.1","exporter_version":"6.4.5","file":"arissa.babylon"},
"autoClear":true,"clearColor":[0.0509,0.0509,0.0509],"gravity":[0,-9.81,0],
"materials":[{"name":"Material","id":"Material","customType":"BABYLON.PBRMaterial","backFaceCulling":true,"checkReadyOnlyOnce":false,"maxSimultaneousLights":4,"environmentIntensity":1,"albedo":[0.8,0.8,0.8],"reflectivity":[0.5,0.5,0.5],"roughness":0.4,"alpha":1,"transparencyMode":0,"alphaCutOff":0.4,"metallic":0}],
"multiMaterials":[],
"skeletons":[{"name":"Character","id":0,"dimensionsAtRest":[176.6897,176.6081,13.7246],"bones":[
{"name":"arissa:Hips","index":0,"matrix":[1,0,0,0,0,1,0,0,0,0,-1,0,0,96.3948,0.0351,1],"rest":[1,0,0,0,0,1,0,0,0,0,-1,0,0,96.3794,-3.9855,1],"parentBoneIndex":-1,"length":9.9032
,"animation":{"dataType":3,"framePerSecond":30,"keys":[
{"frame":0,"values":[1,0,0,0,0,1,0,0,0,0,-1,0,0,96.3948,0.0351,1]},
{"frame":1,"values":[1,0,0,0,0,1,0,0,0,0,-1,0,0,96.3948,0.0351,1]},
{"frame":10,"values":[1,0,0,0,0,1,0,0,0,0,-1,0,0,96.3948,0.0351,1]},
{"frame":11,"values":[1,0,0,0,0,1,0,0,0,0,-1,0,0,96.3948,0.0351,1]},
{"frame":20,"values":[1,0,0,0,0,1,0,0,0,0,-1,0,0,96.3948,0.0351,1]},
{"frame":21,"values":[1,0,0,0,0,1,0,0,0,0,-1,0,0,96.3948,0.0351,1]},
{"frame":30,"values":[1,0,0,0,0,1,0,0,0,0,-1,0,0,96.3948,0.0351,1]},
{"frame":31,"values":[1,0,0,0,0,1,0,0,0,0,-1,0,0,96.3948,0.0351,1]},
{"frame":40,"values":[1,0,0,0,0,1,0,0,0,0,-1,0,0,96.3948,0.0351,1]},
{"frame":41,"values":[1,0,0,0,0,1,0,0,0,0,-1,0,0,96.3948,0.0351,1]},
{"frame":50,"values":[1,0,0,0,0,1,0,0,0,0,-1,0,0,96.3948,0.0351,1]},
{"frame":51,"values":[1,0,0,0,0,1,0,0,0,0,-1,0,0,96.3948,0.0351,1]},
{"frame":60,"values":[1,0,0,0,0,1,0,0,0,0,-1,0,0,96.3948,0.0351,1]},
{"frame":61,"values":[1,0,0,0,0,1,0,0,0,0,-1,0,0,96.3948,0.0351,1]},
{"frame":70,"values":[1,0,0,0,0,1,0,0,0,0,-1,0,0,96.3948,0.0351,1]},
{"frame":71,"values":[1,0,0,0,0,1,0,0,0,0,-1,0,0,96.3948,0.0351,1]},
{"frame":80,"values":[1,0,0,0,0,1,0,0,0,0,-1,0,0,96.3948,0.0351,1]},
{"frame":81,"values":[1,0,0,0,0,1,0,0,0,0,-1,0,0,96.3948,0.0351,1]},
{"frame":90,"values":[1,0,0,0,0,1,0,0,0,0,-1,0,0,96.3948,0.0351,1]},
{"frame":91,"values":[1,0,0,0,0,1,0,0,0,0,-1,0,0,96.3948,0.0351,1]},
{"frame":100,"values":[1,0,0,0,0,1,0,0,0,0,-1,0,0,96.3948,0.0351,1]},
{"frame":101,"values":[1,0,0,0,0,1,0,0,0,0,-1,0,0,96.3948,0.0351,1]},
{"frame":110,"values":[1,0,0,0,0,1,0,0,0,0,-1,0,0,96.3948,0.0351,1]},
{"frame":111,"values":[1,0,0,0,0,1,0,0,0,0,-1,0,0,96.3948,0.0351,1]},
{"frame":120,"values":[1,0,0,0,0,1,0,0,0,0,-1,0,0,96.3948,0.0351,1]},
{"frame":121,"values":[1,0,0,0,0,1,0,0,0,0,-1,0,0,96.3948,0.0351,1]},
{"frame":130,"values":[1,0,0,0,0,1,0,0,0,0,-1,0,0,96.3948,0.0351,1]},
{"frame":131,"values":[1,0,0,0,0,1,0,0,0,0,-1,0,0,96.3948,0.0351,1]},
{"frame":141,"values":[0.9894,0.1419,0.0294,0,-0.1364,0.9804,-0.1425,0,0.049,-0.1369,-0.9894,0,-9.8946,94.202,0.6352,1]},
{"frame":142,"values":[0.988,0.1523,0.026,0,-0.1479,0.9808,-0.1271,0,0.0448,-0.1217,-0.9915,0,-9.625,94.3287,1.0505,1]},
{"frame":143,"values":[0.9852,0.1709,0.0094,0,-0.1688,0.9795,-0.11,0,0.028,-0.1068,-0.9939,0,-9.3425,94.4313,1.4629,1]},
{"frame":144,"values":[0.9811,0.1918,-0.0255,0,-0.1934,0.9762,-0.0984,0,-0.006,-0.1015,-0.9948,0,-9.1851,94.5488,1.7772,1]},
{"frame":145,"values":[0.9767,0.2005,-0.0766,0,-0.2073,0.9736,-0.0958,0,-0.0554,-0.1094,-0.9925,0,-9.2587,94.7521,2.0281,1]},
{"frame":146,"values":[0.9738,0.1871,-0.1294,0,-0.2007,0.9743,-0.1019,0,-0.107,-0.1252,-0.9863,0,-9.5251,95.0622,2.2422,1]},
{"frame":147,"values":[0.9742,0.1563,-0.1626,0,-0.176,0.9777,-0.1148,0,-0.141,-0.1404,-0.98,0,-9.8287,95.4347,2.2928,1]},
{"frame":148,"values":[0.9793,0.1182,-0.1642,0,-0.1408,0.981,-0.1336,0,-0.1453,-0.154,-0.9773,0,-10.0231,95.8043,2.0182,1]},
{"frame":149,"values":[0.987,0.0788,-0.1399,0,-0.1006,0.9826,-0.1564,0,-0.1251,-0.1685,-0.9777,0,-10.0252,96.1171,1.4314,1]},
{"frame":150,"values":[0.9935,0.0418,-0.1055,0,-0.06,0.9826,-0.1757,0,-0.0963,-0.1809,-0.9788,0,-9.7895,96.3342,0.7062,1]},
{"frame":151,"values":[0.997,0.0096,-0.0774,0,-0.0238,0.9826,-0.1843,0,-0.0743,-0.1856,-0.9798,0,-9.341,96.5535,0.0131,1]},
{"frame":152,"values":[0.9975,-0.0228,-0.0668,0,0.0103,0.9834,-0.181,0,-0.0698,-0.1799,-0.9812,0,-8.7171,96.7825,-0.5852,1]},
{"frame":153,"values":[0.9953,-0.0607,-0.075,0,0.0476,0.9849,-0.1665,0,-0.084,-0.1622,-0.9832,0,-7.8609,96.8712,-1.0962,1]},
{"frame":154,"values":[0.9909,-0.0978,-0.0925,0,0.084,0.9862,-0.1429,0,-0.1052,-0.1338,-0.9854,0,-6.7493,96.8734,-1.5155,1]},
{"frame":155,"values":[0.986,-0.1292,-0.1054,0,0.1168,0.9864,-0.116,0,-0.1189,-0.102,-0.9876,0,-5.3491,96.8164,-1.832,1]},
{"frame":156,"values":[0.9827,-0.1516,-0.1064,0,0.1423,0.9857,-0.0904,0,-0.1186,-0.0737,-0.9902,0,-3.677,96.5109,-2.0291,1]},
{"frame":157,"values":[0.9802,-0.1713,-0.0993,0,0.1651,0.9839,-0.068,0,-0.1093,-0.0503,-0.9927,0,-1.7457,96.0042,-2.1124,1]},
{"frame":158,"values":[0.9778,-0.1883,-0.0918,0,0.1845,0.9816,-0.0488,0,-0.0993,-0.0308,-0.9946,0,0.2592,95.351,-2.0787,1]},
{"frame":159,"values":[0.9755,-0.2021,-0.0874,0,0.1999,0.9792,-0.0333,0,-0.0923,-0.0151,-0.9956,0,2.1391,94.6212,-1.9426,1]},
{"frame":160,"values":[0.9735,-0.2131,-0.0834,0,0.2118,0.977,-0.0242,0,-0.0866,-0.0059,-0.9962,0,3.7806,93.9086,-1.7396,1]},
{"frame":161,"values":[0.972,-0.2222,-0.0765,0,0.221,0.975,-0.0229,0,-0.0797,-0.0053,-0.9968,0,5.1327,93.3036,-1.4952,1]},
{"frame":162,"values":[0.9712,-0.2283,-0.0684,0,0.2272,0.9736,-0.0237,0,-0.072,-0.0074,-0.9974,0,6.153,92.8812,-1.2093,1]},
{"frame":163,"values":[0.9709,-0.2304,-0.0646,0,0.2298,0.9731,-0.0181,0,-0.0671,-0.0027,-0.9977,0,6.8679,92.6539,-0.9382,1]},
{"frame":164,"values":[0.9707,-0.2295,-0.0708,0,0.2297,0.9732,-0.0061,0,-0.0703,0.0103,-0.9975,0,7.3613,92.5729,-0.8148,1]},
{"frame":165,"values":[0.9696,-0.2291,-0.0858,0,0.2302,0.9731,0.0034,0,-0.0827,0.023,-0.9963,0,7.6613,92.5573,-0.9203,1]},
{"frame":166,"values":[0.9675,-0.2323,-0.1002,0,0.2341,0.9722,0.0062,0,-0.096,0.0294,-0.9949,0,7.7263,92.5479,-1.138,1]},
{"frame":167,"values":[0.9655,-0.2385,-0.1041,0,0.2407,0.9705,0.009,0,-0.0989,0.0337,-0.9945,0,7.5917,92.5618,-1.2269,1]},
{"frame":168,"values":[0.9655,-0.243,-0.094,0,0.2459,0.9691,0.0203,0,-0.0861,0.0428,-0.9954,0,7.4337,92.6922,-1.0262,1]},
{"frame":169,"values":[0.9686,-0.2388,-0.0696,0,0.2418,0.9696,0.0377,0,-0.0585,0.0534,-0.9969,0,7.385,93.0597,-0.5323,1]},
{"frame":170,"values":[0.975,-0.2204,-0.0286,0,0.2215,0.974,0.047,0,-0.0174,0.0522,-0.9985,0,7.3572,93.7162,0.1874,1]},
{"frame":171,"values":[0.9822,-0.1859,0.0252,0,0.1849,0.982,0.0381,0,0.0318,0.0327,-0.999,0,7.1657,94.612,1.0277,1]},
{"frame":172,"values":[0.9873,-0.1394,0.0756,0,0.1383,0.9902,0.0195,0,0.0776,0.0088,-0.9969,0,6.7652,95.6145,1.8099,1]},
{"frame":173,"values":[0.9903,-0.0896,0.1063,0,0.0893,0.996,0.0082,0,0.1066,-0.0014,-0.9943,0,6.2466,96.5846,2.344,1]},
{"frame":174,"values":[0.9928,-0.0419,0.1118,0,0.0415,0.9991,0.0063,0,0.1119,0.0016,-0.9937,0,5.6245,97.3526,2.5538,1]},
{"frame":175,"values":[0.9951,0.0029,0.0986,0,-0.0032,1,0.0024,0,0.0986,0.0027,-0.9951,0,4.8902,97.8666,2.4936,1]},
{"frame":176,"values":[0.9957,0.0456,0.0809,0,-0.045,0.9989,-0.0096,0,0.0813,-0.0059,-0.9967,0,4.0421,98.1643,2.2707,1]},
{"frame":177,"values":[0.9937,0.085,0.0736,0,-0.0835,0.9962,-0.0232,0,0.0753,-0.0169,-0.997,0,3.0922,98.1831,1.9452,1]},
{"frame":178,"values":[0.9894,0.1188,0.0833,0,-0.1167,0.9927,-0.0294,0,0.0862,-0.0194,-0.9961,0,2.0628,97.9233,1.5309,1]},
{"frame":179,"values":[0.9834,0.1482,0.1046,0,-0.1459,0.9889,-0.0292,0,0.1077,-0.0135,-0.9941,0,0.9178,97.5723,1.0394,1]},
{"frame":180,"values":[0.9767,0.1724,0.1278,0,-0.1698,0.985,-0.0311,0,0.1312,-0.0087,-0.9913,0,-0.3613,97.1225,0.4834,1]},
{"frame":181,"values":[0.9702,0.1911,0.1491,0,-0.1873,0.9815,-0.0387,0,0.1537,-0.0096,-0.9881,0,-1.7275,96.6181,-0.1002,1]},
{"frame":182,"values":[0.9637,0.2061,0.1699,0,-0.2009,0.9785,-0.0474,0,0.176,-0.0115,-0.9843,0,-3.0887,96.1359,-0.6385,1]},
{"frame":183,"values":[0.957,0.2193,0.1897,0,-0.2128,0.9756,-0.0543,0,0.197,-0.0116,-0.9803,0,-4.3496,95.6966,-1.0789,1]},
{"frame":184,"values":[0.952,0.2283,0.2038,0,-0.22,0.9735,-0.0629,0,0.2128,-0.015,-0.977,0,-5.4476,95.2992,-1.4391,1]},
{"frame":185,"values":[0.9511,0.2291,0.2073,0,-0.218,0.9731,-0.0751,0,0.2189,-0.0262,-0.9754,0,-6.3634,94.9546,-1.7512,1]},
{"frame":186,"values":[0.9545,0.2215,0.1999,0,-0.208,0.9743,-0.0867,0,0.2139,-0.0412,-0.976,0,-7.106,94.6811,-1.9866,1]},
{"frame":187,"values":[0.9596,0.2099,0.1871,0,-0.1952,0.9762,-0.0941,0,0.2024,-0.0537,-0.9778,0,-7.7025,94.4849,-2.1063,1]},
{"frame":188,"values":[0.9643,0.1977,0.1764,0,-0.1825,0.9782,-0.0989,0,0.1921,-0.0632,-0.9793,0,-8.1923,94.335,-2.1222,1]},
{"frame":189,"values":[0.9675,0.1864,0.171,0,-0.1702,0.9798,-0.1051,0,0.1871,-0.0726,-0.9797,0,-8.6067,94.1652,-2.085,1]},
{"frame":190,"values":[0.9697,0.1768,0.1684,0,-0.1592,0.9808,-0.1126,0,0.185,-0.0824,-0.9793,0,-8.94,93.9844,-2.0131,1]},
{"frame":191,"values":[0.9718,0.1689,0.1648,0,-0.1505,0.9815,-0.1185,0,0.1818,-0.0904,-0.9792,0,-9.1388,93.8889,-1.8202,1]},
{"frame":192,"values":[0.9738,0.1628,0.1585,0,-0.1444,0.982,-0.1214,0,0.1754,-0.0953,-0.9799,0,-9.161,93.9411,-1.3551,1]},
{"frame":193,"values":[0.9758,0.1608,0.1484,0,-0.1434,0.9822,-0.1215,0,0.1653,-0.0973,-0.9814,0,-9.0128,94.1037,-0.5617,1]},
{"frame":194,"values":[0.9773,0.1679,0.1292,0,-0.1531,0.9813,-0.1167,0,0.1464,-0.0942,-0.9847,0,-8.75,94.3185,0.3996,1]},
{"frame":195,"values":[0.9779,0.1889,0.0902,0,-0.1793,0.9782,-0.1045,0,0.108,-0.0861,-0.9904,0,-8.5317,94.4754,1.2421,1]},
{"frame":196,"values":[0.9763,0.2145,0.0274,0,-0.2115,0.9735,-0.0875,0,0.0454,-0.0797,-0.9958,0,-8.5277,94.5413,1.7815,1]},
{"frame":197,"values":[0.9738,0.2228,-0.0462,0,-0.2258,0.9713,-0.0752,0,-0.0281,-0.0837,-0.9961,0,-8.7671,94.6222,2.0677,1]},
{"frame":198,"values":[0.9729,0.2044,-0.1077,0,-0.2132,0.9739,-0.0774,0,-0.089,-0.0983,-0.9912,0,-9.1346,94.7538,2.2147,1]},
{"frame":199,"values":[0.9755,0.1714,-0.1379,0,-0.1849,0.9785,-0.0917,0,-0.1192,-0.115,-0.9862,0,-9.4644,94.8803,2.1927,1]},
{"frame":200,"values":[0.9818,0.1343,-0.1342,0,-0.1493,0.9828,-0.1089,0,-0.1173,-0.127,-0.985,0,-9.5829,95.122,1.9191,1]},
{"frame":201,"values":[0.9892,0.0976,-0.1093,0,-0.1109,0.9861,-0.1236,0,-0.0957,-0.1344,-0.9863,0,-9.4818,95.5767,1.4598,1]},
{"frame":202,"values":[0.9952,0.0579,-0.0787,0,-0.0683,0.9883,-0.1365,0,-0.0699,-0.1412,-0.9875,0,-9.1238,96.0786,0.9451,1]},
{"frame":203,"values":[0.9985,0.0184,-0.0513,0,-0.0258,0.9888,-0.1472,0,-0.048,-0.1483,-0.9878,0,-8.5115,96.5589,0.4369,1]},
{"frame":204,"values":[0.9994,-0.019,-0.0293,0,0.0143,0.9881,-0.1529,0,-0.0319,-0.1524,-0.9878,0,-7.6214,96.9249,-0.073,1]},
{"frame":205,"values":[0.9986,-0.0526,-0.011,0,0.0504,0.9875,-0.1496,0,-0.0188,-0.1489,-0.9887,0,-6.4545,97.0816,-0.5423,1]},
{"frame":206,"values":[0.9969,-0.0779,0.007,0,0.0781,0.9876,-0.1365,0,-0.0037,-0.1366,-0.9906,0,-5.0626,96.9958,-0.8978,1]},
{"frame":207,"values":[0.9949,-0.0973,0.0248,0,0.0996,0.988,-0.1177,0,0.0131,-0.1195,-0.9927,0,-3.4677,96.6562,-1.1342,1]},
{"frame":208,"values":[0.9926,-0.1159,0.0363,0,0.119,0.988,-0.098,0,0.0245,-0.1016,-0.9945,0,-1.7185,96.2507,-1.3333,1]},
{"frame":209,"values":[0.99,-0.1362,0.0359,0,0.1387,0.9873,-0.0778,0,0.0248,-0.082,-0.9963,0,0.1326,95.8205,-1.5346,1]},
{"frame":210,"values":[0.9874,-0.1558,0.0261,0,0.1571,0.986,-0.0566,0,0.0169,-0.06,-0.9981,0,1.968,95.3819,-1.6947,1]},
{"frame":211,"values":[0.9851,-0.1711,0.0154,0,0.1716,0.9844,-0.0377,0,0.0087,-0.0398,-0.9992,0,3.6568,94.9591,-1.7662,1]},
{"frame":212,"values":[0.9834,-0.1812,0.0114,0,0.1815,0.9831,-0.0261,0,0.0065,-0.0278,-0.9996,0,5.1112,94.5493,-1.7467,1]},
{"frame":213,"values":[0.9817,-0.1896,0.0147,0,0.1899,0.9815,-0.0232,0,0.01,-0.0255,-0.9996,0,6.3016,94.0982,-1.6495,1]},
{"frame":214,"values":[0.9796,-0.1999,0.0197,0,0.2004,0.9794,-0.0244,0,0.0144,-0.0279,-0.9995,0,7.2089,93.6246,-1.4858,1]},
{"frame":215,"values":[0.9774,-0.2107,0.0195,0,0.2111,0.9772,-0.0226,0,0.0143,-0.0262,-0.9996,0,7.8285,93.2776,-1.3102,1]},
{"frame":216,"values":[0.976,-0.2177,0.0093,0,0.2178,0.9759,-0.0137,0,0.0061,-0.0154,-0.9999,0,8.2432,93.1487,-1.1926,1]},
{"frame":217,"values":[0.9756,-0.2195,-0.01,0,0.2195,0.9756,-0.0017,0,-0.0102,0.0006,-0.9999,0,8.5467,93.1844,-1.1652,1]},
{"frame":218,"values":[0.9748,-0.2207,-0.031,0,0.221,0.9753,0.0055,0,-0.029,0.0122,-0.9995,0,8.72,93.2298,-1.1614,1]},
{"frame":219,"values":[0.9734,-0.2251,-0.0435,0,0.2256,0.9742,0.0058,0,-0.0411,0.0155,-0.999,0,8.6728,93.2063,-1.0727,1]},
{"frame":220,"values":[0.9723,-0.2301,-0.041,0,0.2305,0.9731,0.0047,0,-0.0389,0.014,-0.9991,0,8.4189,93.1765,-0.8642,1]},
{"frame":221,"values":[0.973,-0.2297,-0.0217,0,0.2299,0.9732,0.0057,0,-0.0198,0.0105,-0.9997,0,8.1092,93.2711,-0.5859,1]},
{"frame":222,"values":[0.9755,-0.2198,0.0132,0,0.2197,0.9755,0.0061,0,0.0142,0.0031,-0.9999,0,7.8429,93.578,-0.2648,1]},
{"frame":223,"values":[0.9782,-0.1993,0.0579,0,0.1995,0.9799,0.0029,0,0.0573,-0.0087,-0.9983,0,7.4906,94.1256,0.1482,1]},
{"frame":224,"values":[0.9808,-0.1676,0.0997,0,0.1685,0.9857,-0.0003,0,0.0982,-0.017,-0.995,0,6.8387,94.8892,0.7179,1]},
{"frame":225,"values":[0.9846,-0.1237,0.1239,0,0.1238,0.9923,0.0064,0,0.1238,-0.0091,-0.9923,0,5.8749,95.7676,1.4076,1]},
{"frame":226,"values":[0.9897,-0.0724,0.1236,0,0.0696,0.9972,0.0271,0,0.1252,0.0182,-0.992,0,4.7994,96.5869,2.0776,1]},
{"frame":227,"values":[0.9946,-0.0216,0.1012,0,0.0164,0.9986,0.0512,0,0.1022,0.0492,-0.9935,0,3.7494,97.2623,2.5463,1]},
{"frame":228,"values":[0.9975,0.0229,0.0665,0,-0.027,0.9977,0.062,0,0.065,0.0636,-0.9959,0,2.6316,97.6924,2.7182,1]},
{"frame":229,"values":[0.9978,0.0573,0.0337,0,-0.0591,0.9968,0.0537,0,0.0306,0.0556,-0.998,0,1.3894,97.9026,2.6174,1]},
{"frame":230,"values":[0.9963,0.0851,0.015,0,-0.0856,0.9957,0.0348,0,0.012,0.0359,-0.9993,0,0.0082,97.8723,2.333,1]},
{"frame":231,"values":[0.994,0.1083,0.0139,0,-0.1085,0.994,0.0166,0,0.012,0.0181,-0.9998,0,-1.4554,97.5794,1.9493,1]},
{"frame":232,"values":[0.9912,0.1293,0.027,0,-0.1294,0.9916,0.0039,0,0.0262,0.0074,-0.9996,0,-2.984,97.161,1.5272,1]},
{"frame":233,"values":[0.9881,0.146,0.0482,0,-0.1459,0.9893,-0.0054,0,0.0484,0.0017,-0.9988,0,-4.5101,96.6585,1.0903,1]},
{"frame":234,"values":[0.9846,0.1594,0.0713,0,-0.1587,0.9872,-0.0149,0,0.0727,-0.0033,-0.9973,0,-5.9627,96.1531,0.6404,1]},
{"frame":235,"values":[0.9813,0.1693,0.0919,0,-0.1675,0.9855,-0.027,0,0.0951,-0.0111,-0.9954,0,-7.265,95.6936,0.1849,1]},
{"frame":236,"values":[0.9788,0.1743,0.1079,0,-0.1705,0.9844,-0.0431,0,0.1137,-0.0238,-0.9932,0,-8.3672,95.3047,-0.2552,1]},
{"frame":237,"values":[0.9774,0.1747,0.1187,0,-0.1682,0.9838,-0.0626,0,0.1277,-0.0412,-0.991,0,-9.275,94.9857,-0.6536,1]},
{"frame":238,"values":[0.977,0.1727,0.125,0,-0.1633,0.9832,-0.0816,0,0.137,-0.0593,-0.9888,0,-10.0274,94.7073,-0.9878,1]},
{"frame":239,"values":[0.9769,0.1709,0.128,0,-0.1593,0.9826,-0.0958,0,0.1422,-0.0732,-0.9871,0,-10.659,94.4399,-1.2406,1]},
{"frame":240,"values":[0.9772,0.1686,0.1289,0,-0.1557,0.9823,-0.1042,0,0.1442,-0.0818,-0.9862,0,-11.169,94.2165,-1.4176,1]},
{"frame":241,"values":[0.9781,0.1639,0.1282,0,-0.1504,0.9826,-0.1089,0,0.1438,-0.0873,-0.9857,0,-11.5472,94.0825,-1.5514,1]},
{"frame":242,"values":[0.9793,0.158,0.1262,0,-0.1441,0.9831,-0.1129,0,0.1419,-0.0924,-0.9856,0,-11.7958,93.9966,-1.6585,1]},
{"frame":243,"values":[0.9808,0.152,0.1223,0,-0.1378,0.9835,-0.1174,0,0.1381,-0.0983,-0.9855,0,-11.8998,93.9379,-1.6989,1]},
{"frame":244,"values":[0.9825,0.1461,0.1154,0,-0.1322,0.9839,-0.1205,0,0.1311,-0.1032,-0.986,0,-11.8631,93.9158,-1.5765,1]},
{"frame":245,"values":[0.9844,0.141,0.1049,0,-0.1285,0.9847,-0.1175,0,0.1199,-0.1022,-0.9875,0,-11.707,93.9574,-1.2144,1]},
{"frame":246,"values":[0.9861,0.138,0.0921,0,-0.1282,0.9862,-0.1048,0,0.1053,-0.0916,-0.9902,0,-11.4376,94.0932,-0.6204,1]},
{"frame":247,"values":[0.9871,0.1414,0.0749,0,-0.1348,0.9871,-0.0869,0,0.0862,-0.0757,-0.9934,0,-11.089,94.281,0.1109,1]},
{"frame":248,"values":[0.9875,0.151,0.0455,0,-0.1474,0.9862,-0.0751,0,0.0562,-0.0675,-0.9961,0,-10.73,94.5376,0.8225,1]},
{"frame":249,"values":[0.9871,0.1598,-0.0009,0,-0.1594,0.9842,-0.0775,0,0.0115,-0.0766,-0.997,0,-10.4581,94.9102,1.3861,1]},
{"frame":250,"values":[0.986,0.1576,-0.0535,0,-0.1621,0.9825,-0.0922,0,-0.038,-0.0996,-0.9943,0,-10.3013,95.3966,1.7428,1]},
{"frame":251,"values":[0.9858,0.1424,-0.089,0,-0.1521,0.9818,-0.1137,0,-0.0712,-0.1256,-0.9895,0,-10.1738,95.9892,1.8565,1]},
{"frame":252,"values":[0.9889,0.1174,-0.0906,0,-0.1292,0.9821,-0.137,0,-0.0729,-0.1472,-0.9864,0,-9.9117,96.55,1.6955,1]},
{"frame":253,"values":[0.9942,0.0873,-0.0622,0,-0.0961,0.983,-0.1564,0,-0.0475,-0.1615,-0.9857,0,-9.4375,96.9787,1.283,1]},
{"frame":254,"values":[0.9982,0.0554,-0.0222,0,-0.0583,0.9845,-0.1657,0,-0.0126,-0.1667,-0.9859,0,-8.7965,97.1933,0.7253,1]},
{"frame":255,"values":[0.9997,0.0224,0.0124,0,-0.0201,0.9862,-0.1642,0,0.0159,-0.1639,-0.9864,0,-8.0379,97.2503,0.1023,1]},
{"frame":256,"values":[0.9994,-0.0092,0.0334,0,0.0143,0.9875,-0.1571,0,0.0315,-0.1575,-0.987,0,-7.1946,97.28,-0.566,1]},
{"frame":257,"values":[0.9985,-0.0369,0.0402,0,0.0425,0.9881,-0.1479,0,0.0342,-0.1494,-0.9882,0,-6.2685,97.3893,-1.29,1]},
{"frame":258,"values":[0.997,-0.0682,0.0375,0,0.0727,0.9881,-0.1355,0,0.0279,-0.1378,-0.9901,0,-5.0747,97.2551,-2.0498,1]},
{"frame":259,"values":[0.9948,-0.0959,0.0358,0,0.0995,0.9877,-0.1209,0,0.0238,-0.1238,-0.992,0,-3.6228,97.0791,-2.7702,1]},
{"frame":260,"values":[0.9923,-0.116,0.0436,0,0.1201,0.987,-0.1064,0,0.0307,-0.1109,-0.9934,0,-1.9219,96.8622,-3.3924,1]},
{"frame":261,"values":[0.9897,-0.132,0.0557,0,0.1368,0.9863,-0.092,0,0.0428,-0.0987,-0.9942,0,-0.0434,96.4562,-3.7486,1]},
{"frame":262,"values":[0.9867,-0.1555,0.047,0,0.1586,0.9847,-0.0726,0,0.035,-0.0791,-0.9962,0,1.7889,95.7382,-2.8,1]},
{"frame":263,"values":[0.9826,-0.1831,0.0305,0,0.1845,0.9814,-0.0536,0,0.0201,-0.0583,-0.9981,0,3.5728,94.8853,-1.3878,1]},
{"frame":264,"values":[0.9782,-0.2068,0.0172,0,0.2073,0.9775,-0.0393,0,0.0087,-0.042,-0.9991,0,5.2093,94.1154,-0.1376,1]},
{"frame":265,"values":[0.9765,-0.2145,0.0195,0,0.2151,0.9759,-0.0356,0,0.0113,-0.039,-0.9992,0,6.3657,93.8072,0.2624,1]},
{"frame":266,"values":[0.9755,-0.2193,0.0202,0,0.2198,0.975,-0.0319,0,0.0127,-0.0356,-0.9993,0,7.1163,93.7194,0.6145,1]},
{"frame":267,"values":[0.9744,-0.2242,0.0166,0,0.2245,0.9742,-0.0226,0,0.0111,-0.0257,-0.9996,0,7.6394,93.6969,0.9589,1]},
{"frame":268,"values":[0.9732,-0.2298,0.0079,0,0.2298,0.9732,-0.0097,0,0.0055,-0.0113,-0.9999,0,8.0379,93.6219,1.1976,1]},
{"frame":269,"values":[0.9716,-0.2366,-0.0093,0,0.2367,0.9716,0.0019,0,-0.0086,0.004,-1,0,8.329,93.4874,1.2744,1]},
{"frame":270,"values":[0.9692,-0.2438,-0.0351,0,0.2442,0.9697,0.0096,0,-0.0317,0.0179,-0.9993,0,8.516,93.3503,1.216,1]},
{"frame":271,"values":[0.9667,-0.2488,-0.0597,0,0.25,0.9682,0.0133,0,-0.0545,0.0278,-0.9981,0,8.6083,93.2608,1.1238,1]},
{"frame":272,"values":[0.9658,-0.2501,-0.0687,0,0.2516,0.9677,0.0135,0,-0.0631,0.0303,-0.9975,0,8.6234,93.2593,1.1154,1]},
{"frame":273,"values":[0.9677,-0.2464,-0.0531,0,0.2473,0.9689,0.0109,0,-0.0487,0.0236,-0.9985,0,8.6235,93.3865,1.2717,1]},
{"frame":274,"values":[0.9718,-0.2353,-0.0137,0,0.2354,0.9719,0.0064,0,-0.0119,0.0094,-0.9999,0,8.6693,93.6759,1.6295,1]},
{"frame":275,"values":[0.9762,-0.2135,0.0394,0,0.2136,0.9769,0.0001,0,0.0385,-0.0083,-0.9992,0,8.6914,94.1618,2.1839,1]},
{"frame":276,"values":[0.9794,-0.1798,0.0919,0,0.1812,0.9834,-0.0061,0,0.0893,-0.0226,-0.9958,0,8.5037,94.8628,2.8822,1]},
{"frame":277,"values":[0.982,-0.1368,0.1306,0,0.1387,0.9903,-0.0059,0,0.1285,-0.0239,-0.9914,0,8.0118,95.7007,3.6053,1]},
{"frame":278,"values":[0.9851,-0.0907,0.146,0,0.0909,0.9958,0.0054,0,0.1458,-0.0079,-0.9893,0,7.2961,96.4965,4.1963,1]},
{"frame":279,"values":[0.9898,-0.0461,0.1352,0,0.0435,0.9988,0.0219,0,0.136,0.0157,-0.9906,0,6.4488,97.1142,4.5278,1]},
{"frame":280,"values":[0.9942,-0.0055,0.107,0,0.0022,0.9995,0.0304,0,0.1071,0.03,-0.9938,0,5.4911,97.5599,4.6031,1]},
{"frame":281,"values":[0.9965,0.03,0.078,0,-0.032,0.9992,0.0242,0,0.0772,0.0267,-0.9967,0,4.4039,97.831,4.4996,1]},
{"frame":282,"values":[0.9962,0.062,0.0619,0,-0.0627,0.998,0.009,0,0.0612,0.0129,-0.998,0,3.1601,97.8726,4.2651,1]},
{"frame":283,"values":[0.9938,0.0913,0.0629,0,-0.0911,0.9958,-0.0057,0,0.0632,0.0001,-0.998,0,1.7346,97.6813,3.9226,1]},
{"frame":284,"values":[0.9902,0.1175,0.0762,0,-0.1165,0.993,-0.0167,0,0.0776,-0.0076,-0.997,0,0.1132,97.2495,3.4918,1]},
{"frame":285,"values":[0.9859,0.1402,0.0914,0,-0.1383,0.99,-0.0269,0,0.0943,-0.0139,-0.9955,0,-1.621,96.6171,2.9919,1]},
{"frame":286,"values":[0.9823,0.1583,0.1001,0,-0.1551,0.9871,-0.0394,0,0.1051,-0.0232,-0.9942,0,-3.3056,95.8701,2.4686,1]},
{"frame":287,"values":[0.9802,0.17,0.1016,0,-0.1651,0.9847,-0.0553,0,0.1094,-0.0374,-0.9933,0,-4.793,95.2467,1.9848,1]},
{"frame":288,"values":[0.9802,0.1718,0.0983,0,-0.1649,0.9835,-0.0752,0,0.1095,-0.0575,-0.9923,0,-6.015,94.8176,1.5877,1]},
{"frame":289,"values":[0.9823,0.1644,0.0903,0,-0.1555,0.983,-0.0979,0,0.1049,-0.0821,-0.9911,0,-7.0178,94.612,1.252,1]},
{"frame":290,"values":[0.9852,0.1535,0.0768,0,-0.1439,0.9825,-0.1186,0,0.0937,-0.1058,-0.99,0,-7.8875,94.524,0.9455,1]},
{"frame":291,"values":[0.9876,0.1449,0.0599,0,-0.1359,0.9818,-0.1328,0,0.078,-0.123,-0.9893,0,-8.6397,94.4561,0.6772,1]},
{"frame":292,"values":[0.9893,0.1392,0.0444,0,-0.1318,0.9813,-0.1405,0,0.0632,-0.1331,-0.9891,0,-9.2318,94.3727,0.4787,1]},
{"frame":293,"values":[0.9902,0.1355,0.0336,0,-0.1293,0.9809,-0.145,0,0.0526,-0.1392,-0.9889,0,-9.6563,94.2611,0.3609,1]},
{"frame":294,"values":[0.9907,0.1334,0.0273,0,-0.128,0.9806,-0.1483,0,0.0466,-0.1434,-0.9886,0,-9.9349,94.1436,0.2962,1]},
{"frame":295,"values":[0.9907,0.1338,0.0251,0,-0.1286,0.9802,-0.1507,0,0.0448,-0.1461,-0.9883,0,-10.0735,94.0742,0.2754,1]},
{"frame":296,"values":[0.9903,0.1366,0.0269,0,-0.1311,0.9799,-0.1501,0,0.0468,-0.1451,-0.9883,0,-10.058,94.0985,0.3631,1]},
{"frame":297,"values":[0.9894,0.1419,0.0294,0,-0.1364,0.9804,-0.1425,0,0.049,-0.1369,-0.9894,0,-9.8946,94.202,0.6352,1]},
{"frame":311,"values":[1,0,0,0,0,1,0,0,0,0,-1,0,0,96.3948,0.0351,1]},
{"frame":312,"values":[1,0,0,0,0,1,0,0,0,0,-1,0,0,96.3948,0.0351,1]}],"loopBehavior":1,"name":"anim","property":"_matrix"}},
{"name":"arissa:Spine","index":1,"matrix":[1,0,0,0,0,1,0,0,0,0,1,0,0,9.2263,1.5771,1],"rest":[1,0,0,0,0,1,0,0,0,0,1,0,0,9.2263,1.5771,1],"parentBoneIndex":0,"length":16.2549
,"animation":{"dataType":3,"framePerSecond":30,"keys":[
{"frame":0,"values":[1,0,0,0,0,1,0,0,0,0,1,0,0,9.2263,1.5771,1]},
{"frame":1,"values":[1,0,0,0,0,1,0,0,0,0,1,0,0,9.2263,1.5771,1]},
{"frame":10,"values":[1,0,0,0,0,1,0,0,0,0,1,0,0,9.2263,1.5771,1]},
{"frame":11,"values":[1,0,0,0,0,1,0,0,0,0,1,0,0,9.2263,1.5771,1]},
{"frame":20,"values":[1,0,0,0,0,1,0,0,0,0,1,0,0,9.2263,1.5771,1]},
{"frame":21,"values":[1,0,0,0,0,1,0,0,0,0,1,0,0,9.2263,1.5771,1]},
{"frame":30,"values":[1,0,0,0,0,1,0,0,0,0,1,0,0,9.2263,1.5771,1]},
{"frame":31,"values":[1,0,0,0,0,1,0,0,0,0,1,0,0,9.2263,1.5771,1]},
{"frame":40,"values":[1,0,0,0,0,1,0,0,0,0,1,0,0,9.2263,1.5771,1]},
{"frame":41,"values":[1,0,0,0,0,1,0,0,0,0,1,0,0,9.2263,1.5771,1]},
{"frame":50,"values":[1,0,0,0,0,1,0,0,0,0,1,0,0,9.2263,1.5771,1]},
{"frame":51,"values":[1,0,0,0,0,1,0,0,0,0,1,0,0,9.2263,1.5771,1]},
{"frame":60,"values":[1,0,0,0,0,1,0,0,0,0,1,0,0,9.2263,1.5771,1]},
{"frame":61,"values":[1,0,0,0,0,1,0,0,0,0,1,0,0,9.2263,1.5771,1]},
{"frame":70,"values":[1,0,0,0,0,1,0,0,0,0,1,0,0,9.2263,1.5771,1]},
{"frame":71,"values":[1,0,0,0,0,1,0,0,0,0,1,0,0,9.2263,1.5771,1]},
{"frame":80,"values":[1,0,0,0,0,1,0,0,0,0,1,0,0,9.2263,1.5771,1]},
{"frame":81,"values":[1,0,0,0,0,1,0,0,0,0,1,0,0,9.2263,1.5771,1]},
{"frame":90,"values":[1,0,0,0,0,1,0,0,0,0,1,0,0,9.2263,1.5771,1]},
{"frame":91,"values":[1,0,0,0,0,1,0,0,0,0,1,0,0,9.2263,1.5771,1]},
{"frame":100,"values":[1,0,0,0,0,1,0,0,0,0,1,0,0,9.2263,1.5771,1]},
{"frame":101,"values":[1,0,0,0,0,1,0,0,0,0,1,0,0,9.2263,1.5771,1]},
{"frame":110,"values":[1,0,0,0,0,1,0,0,0,0,1,0,0,9.2263,1.5771,1]},
{"frame":111,"values":[1,0,0,0,0,1,0,0,0,0,1,0,0,9.2263,1.5771,1]},
{"frame":120,"values":[1,0,0,0,0,1,0,0,0,0,1,0,0,9.2263,1.5771,1]},
{"frame":121,"values":[1,0,0,0,0,1,0,0,0,0,1,0,0,9.2263,1.5771,1]},
{"frame":130,"values":[1,0,0,0,0,1,0,0,0,0,1,0,0,9.2263,1.5771,1]},
{"frame":131,"values":[1,0,0,0,0,1,0,0,0,0,1,0,0,9.2263,1.5771,1]},
{"frame":141,"values":[0.9999,-0.0087,0.0088,0,0.0091,0.9992,-0.04,0,-0.0085,0.0401,0.9992,0,0,9.2263,1.5771,1]},
{"frame":142,"values":[0.9999,-0.0092,0.008,0,0.0094,0.9995,-0.0288,0,-0.0077,0.0288,0.9996,0,0,9.2263,1.5771,1]},
{"frame":143,"values":[0.9999,-0.0127,0.0059,0,0.0128,0.9998,-0.0146,0,-0.0057,0.0146,0.9999,0,0,9.2263,1.5771,1]},
{"frame":144,"values":[0.9998,-0.0191,0.0027,0,0.0191,0.9998,-0.0021,0,-0.0027,0.0021,1,0,0,9.2263,1.5771,1]},
{"frame":145,"values":[0.9996,-0.0279,-0.0036,0,0.0279,0.9996,0.0061,0,0.0034,-0.0062,1,0,0,9.2263,1.5771,1]},
{"frame":146,"values":[0.9991,-0.0385,-0.0149,0,0.0387,0.9992,0.0109,0,0.0145,-0.0115,0.9998,0,0,9.2263,1.5771,1]},
{"frame":147,"values":[0.9983,-0.0504,-0.0286,0,0.0508,0.9986,0.0124,0,0.028,-0.0138,0.9995,0,0,9.2263,1.5771,1]},
{"frame":148,"values":[0.9973,-0.0623,-0.0385,0,0.0627,0.998,0.0084,0,0.0379,-0.0108,0.9992,0,0,9.2263,1.5771,1]},
{"frame":149,"values":[0.9967,-0.0711,-0.0386,0,0.0711,0.9975,-0.0011,0,0.0386,-0.0017,0.9993,0,0,9.2263,1.5771,1]},
{"frame":150,"values":[0.9969,-0.074,-0.0276,0,0.0737,0.9972,-0.0125,0,0.0285,0.0104,0.9995,0,0,9.2263,1.5771,1]},
{"frame":151,"values":[0.9973,-0.0723,-0.0102,0,0.0721,0.9972,-0.0219,0,0.0118,0.0211,0.9997,0,0,9.2263,1.5771,1]},
{"frame":152,"values":[0.9977,-0.0676,0.0056,0,0.0677,0.9973,-0.0279,0,-0.0037,0.0283,0.9996,0,0,9.2263,1.5771,1]},
{"frame":153,"values":[0.9981,-0.0599,0.0143,0,0.0603,0.9977,-0.03,0,-0.0125,0.0308,0.9994,0,0,9.2263,1.5771,1]},
{"frame":154,"values":[0.9985,-0.0529,0.0163,0,0.0533,0.9982,-0.0287,0,-0.0148,0.0295,0.9995,0,0,9.2263,1.5771,1]},
{"frame":155,"values":[0.9988,-0.047,0.0151,0,0.0473,0.9985,-0.026,0,-0.0139,0.0267,0.9995,0,0,9.2263,1.5771,1]},
{"frame":156,"values":[0.999,-0.0426,0.0137,0,0.0429,0.9988,-0.023,0,-0.0127,0.0236,0.9996,0,0,9.2263,1.5771,1]},
{"frame":157,"values":[0.9993,-0.0354,0.0125,0,0.0357,0.9992,-0.0198,0,-0.0118,0.0202,0.9997,0,0,9.2263,1.5771,1]},
{"frame":158,"values":[0.9995,-0.0282,0.011,0,0.0284,0.9995,-0.017,0,-0.0105,0.0173,0.9998,0,0,9.2263,1.5771,1]},
{"frame":159,"values":[0.9997,-0.0225,0.0092,0,0.0227,0.9996,-0.0157,0,-0.0089,0.0159,0.9998,0,0,9.2263,1.5771,1]},
{"frame":160,"values":[0.9998,-0.0179,0.0081,0,0.018,0.9997,-0.0167,0,-0.0078,0.0169,0.9998,0,0,9.2263,1.5771,1]},
{"frame":161,"values":[0.9998,-0.0152,0.0089,0,0.0154,0.9997,-0.0195,0,-0.0086,0.0196,0.9998,0,0,9.2263,1.5771,1]},
{"frame":162,"values":[0.9998,-0.0172,0.0105,0,0.0175,0.9996,-0.0214,0,-0.0101,0.0215,0.9997,0,0,9.2263,1.5771,1]},
{"frame":163,"values":[0.9997,-0.0236,0.0099,0,0.0238,0.9995,-0.0208,0,-0.0095,0.021,0.9997,0,0,9.2263,1.5771,1]},
{"frame":164,"values":[0.9995,-0.0324,0.0051,0,0.0325,0.9993,-0.0193,0,-0.0045,0.0195,0.9998,0,0,9.2263,1.5771,1]},
{"frame":165,"values":[0.9991,-0.0427,-0.0028,0,0.0427,0.9989,-0.0194,0,0.0036,0.0193,0.9998,0,0,9.2263,1.5771,1]},
{"frame":166,"values":[0.9986,-0.0523,-0.0098,0,0.0521,0.9984,-0.0195,0,0.0108,0.019,0.9998,0,0,9.2263,1.5771,1]},
{"frame":167,"values":[0.9982,-0.0579,-0.014,0,0.0577,0.9982,-0.0151,0,0.0148,0.0143,0.9998,0,0,9.2263,1.5771,1]},
{"frame":168,"values":[0.9983,-0.0568,-0.0163,0,0.0567,0.9984,-0.0037,0,0.0165,0.0028,0.9999,0,0,9.2263,1.5771,1]},
{"frame":169,"values":[0.9987,-0.049,-0.0166,0,0.0492,0.9987,0.0122,0,0.016,-0.013,0.9998,0,0,9.2263,1.5771,1]},
{"frame":170,"values":[0.9992,-0.038,-0.012,0,0.0383,0.9989,0.0269,0,0.011,-0.0273,0.9996,0,0,9.2263,1.5771,1]},
{"frame":171,"values":[0.9996,-0.0277,-0.0018,0,0.0278,0.9989,0.0366,0,0.0008,-0.0366,0.9993,0,0,9.2263,1.5771,1]},
{"frame":172,"values":[0.9997,-0.0195,0.0112,0,0.019,0.9989,0.0425,0,-0.012,-0.0423,0.999,0,0,9.2263,1.5771,1]},
{"frame":173,"values":[0.9997,-0.0134,0.0224,0,0.0123,0.9988,0.047,0,-0.023,-0.0467,0.9986,0,0,9.2263,1.5771,1]},
{"frame":174,"values":[0.9995,-0.012,0.0283,0,0.0106,0.9987,0.0493,0,-0.0289,-0.049,0.9984,0,0,9.2263,1.5771,1]},
{"frame":175,"values":[0.9995,-0.0149,0.0272,0,0.0136,0.9988,0.0479,0,-0.0279,-0.0475,0.9985,0,0,9.2263,1.5771,1]},
{"frame":176,"values":[0.9996,-0.0191,0.0212,0,0.0181,0.9989,0.0439,0,-0.022,-0.0435,0.9988,0,0,9.2263,1.5771,1]},
{"frame":177,"values":[0.9997,-0.0208,0.015,0,0.0202,0.999,0.0406,0,-0.0158,-0.0403,0.9991,0,0,9.2263,1.5771,1]},
{"frame":178,"values":[0.9997,-0.0193,0.0114,0,0.0188,0.9991,0.0391,0,-0.0121,-0.0388,0.9992,0,0,9.2263,1.5771,1]},
{"frame":179,"values":[0.9997,-0.0203,0.0096,0,0.0199,0.9991,0.0364,0,-0.0103,-0.0362,0.9993,0,0,9.2263,1.5771,1]},
{"frame":180,"values":[0.9996,-0.0264,0.0071,0,0.0262,0.9992,0.0296,0,-0.0079,-0.0294,0.9995,0,0,9.2263,1.5771,1]},
{"frame":181,"values":[0.9994,-0.0349,0.0041,0,0.0348,0.9992,0.0193,0,-0.0047,-0.0191,0.9998,0,0,9.2263,1.5771,1]},
{"frame":182,"values":[0.9991,-0.0416,0.0035,0,0.0416,0.9991,0.0097,0,-0.0039,-0.0095,0.9999,0,0,9.2263,1.5771,1]},
{"frame":183,"values":[0.9989,-0.0455,0.0066,0,0.0455,0.999,0.0029,0,-0.0067,-0.0026,1,0,0,9.2263,1.5771,1]},
{"frame":184,"values":[0.9988,-0.0473,0.0116,0,0.0473,0.9989,-0.003,0,-0.0114,0.0035,0.9999,0,0,9.2263,1.5771,1]},
{"frame":185,"values":[0.9988,-0.0474,0.0154,0,0.0475,0.9988,-0.0098,0,-0.0149,0.0105,0.9998,0,0,9.2263,1.5771,1]},
{"frame":186,"values":[0.9988,-0.0458,0.0167,0,0.0461,0.9988,-0.0168,0,-0.0159,0.0175,0.9997,0,0,9.2263,1.5771,1]},
{"frame":187,"values":[0.9989,-0.0433,0.0161,0,0.0436,0.9988,-0.0223,0,-0.0151,0.023,0.9996,0,0,9.2263,1.5771,1]},
{"frame":188,"values":[0.9991,-0.0399,0.0152,0,0.0403,0.9988,-0.0267,0,-0.0141,0.0273,0.9995,0,0,9.2263,1.5771,1]},
{"frame":189,"values":[0.9992,-0.0365,0.0154,0,0.037,0.9988,-0.0309,0,-0.0142,0.0314,0.9994,0,0,9.2263,1.5771,1]},
{"frame":190,"values":[0.9993,-0.0333,0.017,0,0.0339,0.9988,-0.0346,0,-0.0158,0.0352,0.9993,0,0,9.2263,1.5771,1]},
{"frame":191,"values":[0.9994,-0.0293,0.0193,0,0.03,0.9989,-0.036,0,-0.0182,0.0366,0.9992,0,0,9.2263,1.5771,1]},
{"frame":192,"values":[0.9995,-0.024,0.0214,0,0.0248,0.9991,-0.0336,0,-0.0206,0.0341,0.9992,0,0,9.2263,1.5771,1]},
{"frame":193,"values":[0.9996,-0.0183,0.0228,0,0.0189,0.9995,-0.0262,0,-0.0223,0.0267,0.9994,0,0,9.2263,1.5771,1]},
{"frame":194,"values":[0.9996,-0.0133,0.0235,0,0.0136,0.9998,-0.0136,0,-0.0233,0.0139,0.9996,0,0,9.2263,1.5771,1]},
{"frame":195,"values":[0.9996,-0.0144,0.0228,0,0.0144,0.9999,0.0024,0,-0.0228,-0.0021,0.9997,0,0,9.2263,1.5771,1]},
{"frame":196,"values":[0.9995,-0.0246,0.0187,0,0.0243,0.9996,0.0165,0,-0.0191,-0.016,0.9997,0,0,9.2263,1.5771,1]},
{"frame":197,"values":[0.9992,-0.0384,0.0092,0,0.0381,0.9989,0.0254,0,-0.0101,-0.025,0.9996,0,0,9.2263,1.5771,1]},
{"frame":198,"values":[0.9986,-0.0518,-0.0051,0,0.0519,0.9982,0.0295,0,0.0035,-0.0297,0.9996,0,0,9.2263,1.5771,1]},
{"frame":199,"values":[0.9977,-0.0648,-0.0191,0,0.0653,0.9974,0.0294,0,0.0171,-0.0306,0.9994,0,0,9.2263,1.5771,1]},
{"frame":200,"values":[0.9971,-0.0718,-0.0271,0,0.0725,0.9971,0.025,0,0.0253,-0.0269,0.9993,0,0,9.2263,1.5771,1]},
{"frame":201,"values":[0.9967,-0.0762,-0.0267,0,0.0767,0.9969,0.0172,0,0.0253,-0.0191,0.9995,0,0,9.2263,1.5771,1]},
{"frame":202,"values":[0.9968,-0.0777,-0.0191,0,0.0778,0.9969,0.0079,0,0.0185,-0.0094,0.9998,0,0,9.2263,1.5771,1]},
{"frame":203,"values":[0.9971,-0.0761,-0.0072,0,0.076,0.9971,-0.0009,0,0.0072,0.0003,1,0,0,9.2263,1.5771,1]},
{"frame":204,"values":[0.9976,-0.0694,0.0056,0,0.0694,0.9976,-0.0078,0,-0.0051,0.0082,1,0,0,9.2263,1.5771,1]},
{"frame":205,"values":[0.9981,-0.0594,0.0155,0,0.0596,0.9981,-0.0119,0,-0.0148,0.0128,0.9998,0,0,9.2263,1.5771,1]},
{"frame":206,"values":[0.9984,-0.0518,0.0211,0,0.0521,0.9986,-0.0132,0,-0.0203,0.0143,0.9997,0,0,9.2263,1.5771,1]},
{"frame":207,"values":[0.9987,-0.0463,0.0232,0,0.0466,0.9988,-0.0132,0,-0.0226,0.0142,0.9996,0,0,9.2263,1.5771,1]},
{"frame":208,"values":[0.9989,-0.0395,0.0235,0,0.0399,0.9991,-0.0132,0,-0.023,0.0141,0.9996,0,0,9.2263,1.5771,1]},
{"frame":209,"values":[0.9993,-0.0307,0.0225,0,0.031,0.9994,-0.0138,0,-0.0221,0.0144,0.9997,0,0,9.2263,1.5771,1]},
{"frame":210,"values":[0.9995,-0.0221,0.0206,0,0.0224,0.9996,-0.0149,0,-0.0203,0.0153,0.9997,0,0,9.2263,1.5771,1]},
{"frame":211,"values":[0.9997,-0.0158,0.0187,0,0.0162,0.9997,-0.0167,0,-0.0185,0.017,0.9997,0,0,9.2263,1.5771,1]},
{"frame":212,"values":[0.9998,-0.0115,0.018,0,0.0119,0.9997,-0.0194,0,-0.0177,0.0196,0.9997,0,0,9.2263,1.5771,1]},
{"frame":213,"values":[0.9998,-0.0084,0.0187,0,0.0088,0.9997,-0.0226,0,-0.0186,0.0228,0.9996,0,0,9.2263,1.5771,1]},
{"frame":214,"values":[0.9998,-0.0072,0.0205,0,0.0077,0.9997,-0.0252,0,-0.0203,0.0254,0.9995,0,0,9.2263,1.5771,1]},
{"frame":215,"values":[0.9997,-0.0091,0.0214,0,0.0097,0.9996,-0.0263,0,-0.0212,0.0265,0.9994,0,0,9.2263,1.5771,1]},
{"frame":216,"values":[0.9997,-0.0131,0.0196,0,0.0136,0.9996,-0.0254,0,-0.0192,0.0257,0.9995,0,0,9.2263,1.5771,1]},
{"frame":217,"values":[0.9997,-0.0184,0.0145,0,0.0188,0.9995,-0.0238,0,-0.014,0.0241,0.9996,0,0,9.2263,1.5771,1]},
{"frame":218,"values":[0.9997,-0.0235,0.0083,0,0.0237,0.9995,-0.0225,0,-0.0077,0.0227,0.9997,0,0,9.2263,1.5771,1]},
{"frame":219,"values":[0.9996,-0.027,0.0039,0,0.0271,0.9994,-0.0208,0,-0.0034,0.0209,0.9998,0,0,9.2263,1.5771,1]},
{"frame":220,"values":[0.9996,-0.0276,0.0032,0,0.0277,0.9995,-0.0162,0,-0.0027,0.0163,0.9999,0,0,9.2263,1.5771,1]},
{"frame":221,"values":[0.9997,-0.0246,0.0061,0,0.0246,0.9997,-0.0076,0,-0.0059,0.0077,1,0,0,9.2263,1.5771,1]},
{"frame":222,"values":[0.9998,-0.0176,0.0115,0,0.0175,0.9998,0.0045,0,-0.0116,-0.0043,0.9999,0,0,9.2263,1.5771,1]},
{"frame":223,"values":[0.9998,-0.0095,0.0175,0,0.0092,0.9998,0.0183,0,-0.0177,-0.0181,0.9997,0,0,9.2263,1.5771,1]},
{"frame":224,"values":[0.9997,-0.0042,0.0227,0,0.0035,0.9995,0.0322,0,-0.0228,-0.0322,0.9992,0,0,9.2263,1.5771,1]},
{"frame":225,"values":[0.9997,-0.004,0.0261,0,0.0028,0.9989,0.0462,0,-0.0263,-0.0461,0.9986,0,0,9.2263,1.5771,1]},
{"frame":226,"values":[0.9996,-0.007,0.0264,0,0.0054,0.9982,0.0605,0,-0.0267,-0.0604,0.9978,0,0,9.2263,1.5771,1]},
{"frame":227,"values":[0.9997,-0.014,0.0212,0,0.0124,0.9971,0.0745,0,-0.0222,-0.0742,0.997,0,0,9.2263,1.5771,1]},
{"frame":228,"values":[0.9996,-0.0272,0.0117,0,0.0261,0.9962,0.0833,0,-0.0139,-0.083,0.9965,0,0,9.2263,1.5771,1]},
{"frame":229,"values":[0.9993,-0.0384,0.0037,0,0.0379,0.9959,0.0822,0,-0.0068,-0.082,0.9966,0,0,9.2263,1.5771,1]},
{"frame":230,"values":[0.9992,-0.0411,0.0005,0,0.0409,0.9964,0.0738,0,-0.0035,-0.0737,0.9973,0,0,9.2263,1.5771,1]},
{"frame":231,"values":[0.9993,-0.037,-0.0005,0,0.037,0.9974,0.062,0,-0.0018,-0.062,0.9981,0,0,9.2263,1.5771,1]},
{"frame":232,"values":[0.9994,-0.0345,-0.002,0,0.0345,0.9982,0.0486,0,0.0003,-0.0486,0.9988,0,0,9.2263,1.5771,1]},
{"frame":233,"values":[0.9994,-0.0342,-0.0029,0,0.0343,0.9988,0.035,0,0.0017,-0.0351,0.9994,0,0,9.2263,1.5771,1]},
{"frame":234,"values":[0.9994,-0.0344,-0.0014,0,0.0344,0.9991,0.023,0,0.0006,-0.0231,0.9997,0,0,9.2263,1.5771,1]},
{"frame":235,"values":[0.9994,-0.0332,0.0027,0,0.0332,0.9994,0.0129,0,-0.0032,-0.0128,0.9999,0,0,9.2263,1.5771,1]},
{"frame":236,"values":[0.9995,-0.0305,0.0078,0,0.0305,0.9995,0.0029,0,-0.0079,-0.0027,1,0,0,9.2263,1.5771,1]},
{"frame":237,"values":[0.9996,-0.0271,0.0122,0,0.0272,0.9996,-0.0078,0,-0.0119,0.0081,0.9999,0,0,9.2263,1.5771,1]},
{"frame":238,"values":[0.9996,-0.0223,0.0148,0,0.0226,0.9996,-0.0178,0,-0.0144,0.0181,0.9997,0,0,9.2263,1.5771,1]},
{"frame":239,"values":[0.9997,-0.0177,0.0146,0,0.018,0.9995,-0.0251,0,-0.0142,0.0253,0.9996,0,0,9.2263,1.5771,1]},
{"frame":240,"values":[0.9998,-0.0148,0.012,0,0.0152,0.9994,-0.0297,0,-0.0116,0.0299,0.9995,0,0,9.2263,1.5771,1]},
{"frame":241,"values":[0.9999,-0.0128,0.0093,0,0.0131,0.9994,-0.033,0,-0.0089,0.0331,0.9994,0,0,9.2263,1.5771,1]},
{"frame":242,"values":[0.9999,-0.0101,0.0086,0,0.0104,0.9993,-0.0354,0,-0.0082,0.0355,0.9993,0,0,9.2263,1.5771,1]},
{"frame":243,"values":[0.9999,-0.0053,0.0099,0,0.0057,0.9993,-0.0368,0,-0.0097,0.0368,0.9993,0,0,9.2263,1.5771,1]},
{"frame":244,"values":[0.9999,0.0007,0.0119,0,-0.0003,0.9994,-0.0358,0,-0.0119,0.0358,0.9993,0,0,9.2263,1.5771,1]},
{"frame":245,"values":[0.9999,0.0065,0.0134,0,-0.0061,0.9995,-0.0301,0,-0.0136,0.03,0.9995,0,0,9.2263,1.5771,1]},
{"frame":246,"values":[0.9998,0.0121,0.0145,0,-0.0118,0.9998,-0.018,0,-0.0148,0.0178,0.9997,0,0,9.2263,1.5771,1]},
{"frame":247,"values":[0.9998,0.0144,0.0156,0,-0.0144,0.9999,-0.0011,0,-0.0156,0.0009,0.9999,0,0,9.2263,1.5771,1]},
{"frame":248,"values":[0.9998,0.012,0.0155,0,-0.0123,0.9998,0.0144,0,-0.0153,-0.0146,0.9998,0,0,9.2263,1.5771,1]},
{"frame":249,"values":[0.9999,0.0046,0.0116,0,-0.0049,0.9997,0.0236,0,-0.0115,-0.0237,0.9997,0,0,9.2263,1.5771,1]},
{"frame":250,"values":[1,-0.0055,0.0016,0,0.0054,0.9996,0.027,0,-0.0018,-0.027,0.9996,0,0,9.2263,1.5771,1]},
{"frame":251,"values":[0.9998,-0.0161,-0.013,0,0.0165,0.9995,0.0266,0,0.0125,-0.0268,0.9996,0,0,9.2263,1.5771,1]},
{"frame":252,"values":[0.9994,-0.0223,-0.0263,0,0.0229,0.9995,0.0226,0,0.0257,-0.0232,0.9994,0,0,9.2263,1.5771,1]},
{"frame":253,"values":[0.9992,-0.0249,-0.032,0,0.0254,0.9996,0.0158,0,0.0316,-0.0166,0.9994,0,0,9.2263,1.5771,1]},
{"frame":254,"values":[0.9992,-0.0272,-0.0282,0,0.0275,0.9996,0.0083,0,0.028,-0.0091,0.9996,0,0,9.2263,1.5771,1]},
{"frame":255,"values":[0.9995,-0.0275,-0.0172,0,0.0275,0.9996,0.0018,0,0.0171,-0.0023,0.9999,0,0,9.2263,1.5771,1]},
{"frame":256,"values":[0.9997,-0.026,-0.0038,0,0.0259,0.9997,-0.0036,0,0.0039,0.0035,1,0,0,9.2263,1.5771,1]},
{"frame":257,"values":[0.9996,-0.0277,0.0062,0,0.0277,0.9996,-0.0072,0,-0.006,0.0074,1,0,0,9.2263,1.5771,1]},
{"frame":258,"values":[0.9996,-0.027,0.0097,0,0.0271,0.9996,-0.0088,0,-0.0095,0.0091,0.9999,0,0,9.2263,1.5771,1]},
{"frame":259,"values":[0.9996,-0.0261,0.0111,0,0.0262,0.9996,-0.0101,0,-0.0109,0.0104,0.9999,0,0,9.2263,1.5771,1]},
{"frame":260,"values":[0.9996,-0.0229,0.0146,0,0.0231,0.9996,-0.0131,0,-0.0143,0.0135,0.9998,0,0,9.2263,1.5771,1]},
{"frame":261,"values":[0.9997,-0.0185,0.0188,0,0.0188,0.9997,-0.0174,0,-0.0184,0.0177,0.9997,0,0,9.2263,1.5771,1]},
{"frame":262,"values":[0.9997,-0.0162,0.0193,0,0.0166,0.9997,-0.0202,0,-0.019,0.0205,0.9996,0,0,9.2263,1.5771,1]},
{"frame":263,"values":[0.9998,-0.0128,0.0183,0,0.0132,0.9997,-0.0219,0,-0.018,0.0222,0.9996,0,0,9.2263,1.5771,1]},
{"frame":264,"values":[0.9998,-0.0104,0.0169,0,0.0107,0.9997,-0.0229,0,-0.0167,0.0231,0.9996,0,0,9.2263,1.5771,1]},
{"frame":265,"values":[0.9998,-0.0154,0.0154,0,0.0158,0.9996,-0.023,0,-0.015,0.0232,0.9996,0,0,9.2263,1.5771,1]},
{"frame":266,"values":[0.9996,-0.0244,0.0128,0,0.0247,0.9994,-0.0225,0,-0.0122,0.0228,0.9997,0,0,9.2263,1.5771,1]},
{"frame":267,"values":[0.9994,-0.0316,0.011,0,0.0318,0.9993,-0.022,0,-0.0103,0.0223,0.9997,0,0,9.2263,1.5771,1]},
{"frame":268,"values":[0.9993,-0.0363,0.0103,0,0.0365,0.9991,-0.0218,0,-0.0095,0.0221,0.9997,0,0,9.2263,1.5771,1]},
{"frame":269,"values":[0.9991,-0.0408,0.0088,0,0.0409,0.9989,-0.0218,0,-0.0079,0.0221,0.9997,0,0,9.2263,1.5771,1]},
{"frame":270,"values":[0.9989,-0.046,0.0051,0,0.0461,0.9987,-0.0214,0,-0.0041,0.0216,0.9998,0,0,9.2263,1.5771,1]},
{"frame":271,"values":[0.9987,-0.0504,0.0009,0,0.0504,0.9985,-0.0199,0,0.0001,0.0199,0.9998,0,0,9.2263,1.5771,1]},
{"frame":272,"values":[0.9987,-0.0514,-0.0008,0,0.0514,0.9986,-0.016,0,0.0016,0.0159,0.9999,0,0,9.2263,1.5771,1]},
{"frame":273,"values":[0.9989,-0.047,0.002,0,0.047,0.9989,-0.009,0,-0.0016,0.0091,1,0,0,9.2263,1.5771,1]},
{"frame":274,"values":[0.9993,-0.0374,0.0086,0,0.0374,0.9993,0.0004,0,-0.0086,0,1,0,0,9.2263,1.5771,1]},
{"frame":275,"values":[0.9995,-0.0267,0.0153,0,0.0265,0.9996,0.0111,0,-0.0156,-0.0107,0.9998,0,0,9.2263,1.5771,1]},
{"frame":276,"values":[0.9996,-0.0206,0.019,0,0.0201,0.9995,0.0237,0,-0.0194,-0.0233,0.9995,0,0,9.2263,1.5771,1]},
