{"producer":{"name":"Blender","version":"2.90.1","exporter_version":"6.4.5","file":"arissa.babylon"},
"autoClear":true,"clearColor":[0.0509,0.0509,0.0509],"gravity":[0,-9.81,0],
"materials":[{"name":"Material","id":"Material","customType":"BABYLON.PBRMaterial","backFaceCulling":true,"checkReadyOnlyOnce":false,"maxSimultaneousLights":4,"environmentIntensity":1,"albedo":[0.8,0.8,0.8],"reflectivity":[0.5,0.5,0.5],"roughness":0.4,"alpha":1,"transparencyMode":0,"alphaCutOff":0.4,"metallic":0},
{"name":"Arissa_MAT","id":"Arissa_MAT","customType":"BABYLON.PBRMaterial","backFaceCulling":true,"checkReadyOnlyOnce":false,"maxSimultaneousLights":4,"environmentIntensity":1,"roughness":0.3437,"alpha":1,"transparencyMode":0,"alphaCutOff":0.4,"metallic":0, 
"albedoTexture":{"name":"Arissa_DIFF_diffuse.png","level":1,"hasAlpha":true,"coordinatesMode":0,"uOffset":0,"vOffset":0,"uScale":1,"vScale":1,"uAng":0,"vAng":0,"wAng":0,"wrapU":1,"wrapV":1,"coordinatesIndex":0},"useAlphaFromAlbedoTexture":true, 
"reflectivityTexture":{"name":"Arissa_SPEC_specular.png","level":1,"hasAlpha":true,"coordinatesMode":0,"uOffset":0,"vOffset":0,"uScale":1,"vScale":1,"uAng":0,"vAng":0,"wAng":0,"wrapU":1,"wrapV":1,"coordinatesIndex":0}, 
"bumpTexture":{"name":"Arissa_NM_normal.png","level":1,"hasAlpha":true,"coordinatesMode":0,"uOffset":0,"vOffset":0,"uScale":1,"vScale":1,"uAng":0,"vAng":0,"wAng":0,"wrapU":1,"wrapV":1,"coordinatesIndex":0}}],
"multiMaterials":[],
"skeletons":[{"name":"Character","id":0,"dimensionsAtRest":[176.6897,13.7246,176.6081],"bones":[
{"name":"arissa:Hips","index":0,"matrix":[1,0,0,0,0,0,1,0,0,1,0,0,0,-0.0352,96.3948,1],"rest":[1,0,0,0,0,0,1,0,0,1,0,0,0,3.9855,96.3794,1],"parentBoneIndex":-1,"length":9.9032
,"animation":{"dataType":3,"framePerSecond":30,"keys":[
{"frame":0,"values":[1,0,0,0,0,0,1,0,0,1,0,0,0,-0.0352,96.3948,1]},
{"frame":1,"values":[1,0,0,0,0,0,1,0,0,1,0,0,0,-0.0352,96.3948,1]},
{"frame":10,"values":[1,0,0,0,0,0,1,0,0,1,0,0,0,-0.0352,96.3948,1]},
{"frame":11,"values":[1,0,0,0,0,0,1,0,0,1,0,0,0,-0.0352,96.3948,1]},
{"frame":20,"values":[1,0,0,0,0,0,1,0,0,1,0,0,0,-0.0352,96.3948,1]},
{"frame":21,"values":[1,0,0,0,0,0,1,0,0,1,0,0,0,-0.0352,96.3948,1]},
{"frame":30,"values":[1,0,0,0,0,0,1,0,0,1,0,0,0,-0.0352,96.3948,1]},
{"frame":31,"values":[1,0,0,0,0,0,1,0,0,1,0,0,0,-0.0352,96.3948,1]},
{"frame":40,"values":[1,0,0,0,0,0,1,0,0,1,0,0,0,-0.0352,96.3948,1]},
{"frame":41,"values":[1,0,0,0,0,0,1,0,0,1,0,0,0,-0.0352,96.3948,1]},
{"frame":50,"values":[1,0,0,0,0,0,1,0,0,1,0,0,0,-0.0352,96.3948,1]},
{"frame":51,"values":[1,0,0,0,0,0,1,0,0,1,0,0,0,-0.0352,96.3948,1]},
{"frame":60,"values":[1,0,0,0,0,0,1,0,0,1,0,0,0,-0.0352,96.3948,1]},
{"frame":61,"values":[1,0,0,0,0,0,1,0,0,1,0,0,0,-0.0352,96.3948,1]},
{"frame":70,"values":[1,0,0,0,0,0,1,0,0,1,0,0,0,-0.0352,96.3948,1]},
{"frame":71,"values":[1,0,0,0,0,0,1,0,0,1,0,0,0,-0.0352,96.3948,1]},
{"frame":80,"values":[1,0,0,0,0,0,1,0,0,1,0,0,0,-0.0352,96.3948,1]},
{"frame":81,"values":[1,0,0,0,0,0,1,0,0,1,0,0,0,-0.0352,96.3948,1]},
{"frame":90,"values":[1,0,0,0,0,0,1,0,0,1,0,0,0,-0.0352,96.3948,1]},
{"frame":91,"values":[1,0,0,0,0,0,1,0,0,1,0,0,0,-0.0352,96.3948,1]},
{"frame":100,"values":[1,0,0,0,0,0,1,0,0,1,0,0,0,-0.0352,96.3948,1]},
{"frame":101,"values":[1,0,0,0,0,0,1,0,0,1,0,0,0,-0.0352,96.3948,1]},
{"frame":110,"values":[1,0,0,0,0,0,1,0,0,1,0,0,0,-0.0352,96.3948,1]},
{"frame":111,"values":[1,0,0,0,0,0,1,0,0,1,0,0,0,-0.0352,96.3948,1]},
{"frame":120,"values":[1,0,0,0,0,0,1,0,0,1,0,0,0,-0.0352,96.3948,1]},
{"frame":121,"values":[1,0,0,0,0,0,1,0,0,1,0,0,0,-0.0352,96.3948,1]},
{"frame":130,"values":[1,0,0,0,0,0,1,0,0,1,0,0,0,-0.0352,96.3948,1]},
{"frame":131,"values":[1,0,0,0,0,0,1,0,0,1,0,0,0,-0.0352,96.3948,1]},
{"frame":141,"values":[0.9813,-0.1807,-0.0665,0,0.0173,-0.2613,0.9651,0,0.1918,0.9482,0.2533,0,0.5039,1.3136,86.8583,1]},
{"frame":142,"values":[0.977,-0.2037,-0.0635,0,0.0065,-0.2691,0.9631,0,0.2133,0.9413,0.2616,0,0.5944,1.7871,86.7438,1]},
{"frame":143,"values":[0.9725,-0.2268,-0.0532,0,-0.006,-0.2525,0.9676,0,0.2329,0.9406,0.2469,0,0.7698,1.9173,87.4329,1]},
{"frame":144,"values":[0.9688,-0.2452,-0.0362,0,-0.018,-0.2151,0.9764,0,0.2472,0.9453,0.2128,0,1.0062,1.6689,88.8056,1]},
{"frame":145,"values":[0.9659,-0.2584,-0.0145,0,-0.0273,-0.1573,0.9872,0,0.2573,0.9532,0.159,0,1.2877,1.0798,90.4856,1]},
{"frame":146,"values":[0.9639,-0.2662,0.0085,0,-0.0317,-0.0827,0.9961,0,0.2645,0.9604,0.0882,0,1.5348,0.266,92.0586,1]},
{"frame":147,"values":[0.9628,-0.2686,0.0277,0,-0.0303,-0.0053,0.9995,0,0.2683,0.9632,0.0132,0,1.6954,-0.6033,93.2,1]},
{"frame":148,"values":[0.9626,-0.2676,0.0422,0,-0.0279,0.057,0.998,0,0.2694,0.9619,-0.0474,0,1.7249,-1.4121,93.8244,1]},
{"frame":149,"values":[0.9624,-0.267,0.0496,0,-0.0259,0.0917,0.9954,0,0.2703,0.9593,-0.0814,0,1.6454,-2.1261,94.0105,1]},
{"frame":150,"values":[0.9613,-0.2714,0.0482,0,-0.0224,0.0972,0.995,0,0.2747,0.9575,-0.0874,0,1.5135,-2.7008,93.9321,1]},
{"frame":151,"values":[0.9577,-0.285,0.0401,0,-0.0186,0.0779,0.9968,0,0.2873,0.9553,-0.0693,0,1.3693,-3.0171,93.6525,1]},
{"frame":152,"values":[0.951,-0.3078,0.0305,0,-0.02,0.0373,0.9991,0,0.3087,0.9507,-0.0293,0,1.2181,-2.9369,93.0294,1]},
{"frame":153,"values":[0.9431,-0.3317,0.0227,0,-0.0316,-0.0215,0.9993,0,0.3309,0.9431,0.0308,0,1.0499,-2.4457,92.035,1]},
{"frame":154,"values":[0.939,-0.3436,0.0132,0,-0.0472,-0.0909,0.9947,0,0.3406,0.9347,0.1016,0,0.9148,-1.7034,90.7476,1]},
{"frame":155,"values":[0.941,-0.3383,0.0048,0,-0.0602,-0.1534,0.9863,0,0.3329,0.9285,0.1647,0,0.7953,-0.9449,89.3609,1]},
{"frame":156,"values":[0.9454,-0.3258,0.0021,0,-0.0684,-0.1921,0.979,0,0.3185,0.9257,0.2039,0,0.6914,-0.348,88.1369,1]},
{"frame":157,"values":[0.9471,-0.321,0.0049,0,-0.0742,-0.2042,0.9761,0,0.3124,0.9248,0.2172,0,0.6308,0.0181,87.4551,1]},
{"frame":158,"values":[0.9447,-0.3279,0.0099,0,-0.0787,-0.1975,0.9771,0,0.3184,0.9239,0.2123,0,0.6182,0.1319,87.6435,1]},
{"frame":159,"values":[0.94,-0.3407,0.016,0,-0.081,-0.1775,0.9808,0,0.3313,0.9233,0.1945,0,0.6567,-0.0217,88.6603,1]},
{"frame":160,"values":[0.9349,-0.3541,0.0249,0,-0.0804,-0.143,0.9865,0,0.3458,0.9242,0.1621,0,0.7154,-0.4359,90.1317,1]},
{"frame":161,"values":[0.9301,-0.3654,0.0362,0,-0.0745,-0.0913,0.993,0,0.3596,0.9263,0.1121,0,0.7512,-1.0712,91.5862,1]},
{"frame":162,"values":[0.9266,-0.3732,0.0464,0,-0.0608,-0.0268,0.9978,0,0.3712,0.9274,0.0476,0,0.748,-1.8514,92.6092,1]},
{"frame":163,"values":[0.9239,-0.3787,0.0542,0,-0.0438,0.0359,0.9984,0,0.3801,0.9248,-0.0166,0,0.6788,-2.6658,93.1337,1]},
{"frame":164,"values":[0.9209,-0.3857,0.0562,0,-0.0286,0.0768,0.9966,0,0.3887,0.9194,-0.0597,0,0.5739,-3.3977,93.2486,1]},
{"frame":165,"values":[0.9158,-0.398,0.0528,0,-0.0208,0.0844,0.9962,0,0.401,0.9135,-0.069,0,0.4423,-3.9188,93.1,1]},
{"frame":166,"values":[0.9069,-0.4188,0.0472,0,-0.0234,0.0617,0.9978,0,0.4208,0.906,-0.0461,0,0.2978,-4.0712,92.7645,1]},
{"frame":167,"values":[0.8937,-0.4468,0.0397,0,-0.0349,0.0189,0.9992,0,0.4472,0.8944,-0.0013,0,0.202,-3.7571,92.1697,1]},
{"frame":168,"values":[0.8803,-0.4736,0.028,0,-0.0508,-0.0354,0.9981,0,0.4717,0.88,0.0552,0,0.2035,-3.0423,91.2652,1]},
{"frame":169,"values":[0.874,-0.4857,0.013,0,-0.0676,-0.095,0.9932,0,0.4811,0.869,0.1159,0,0.273,-2.1077,90.1465,1]},
{"frame":170,"values":[0.8786,-0.4775,0.0011,0,-0.0829,-0.1503,0.9852,0,0.4703,0.8657,0.1717,0,0.3411,-1.1511,89.001,1]},
{"frame":171,"values":[0.8882,-0.4594,-0.0043,0,-0.0932,-0.1894,0.9775,0,0.4498,0.8678,0.2111,0,0.4212,-0.3202,88.0215,1]},
{"frame":172,"values":[0.8945,-0.447,-0.0058,0,-0.0966,-0.2058,0.9738,0,0.4365,0.8705,0.2272,0,0.5763,0.3021,87.4819,1]},
{"frame":173,"values":[0.895,-0.446,-0.0054,0,-0.0942,-0.2008,0.9751,0,0.436,0.8722,0.2218,0,0.7973,0.6627,87.6689,1]},
{"frame":174,"values":[0.8919,-0.4523,-0.0029,0,-0.0876,-0.1791,0.9799,0,0.4437,0.8737,0.1993,0,1.0507,0.7204,88.5996,1]},
{"frame":175,"values":[0.8878,-0.4603,0.0039,0,-0.0778,-0.1417,0.9868,0,0.4536,0.8764,0.1617,0,1.296,0.4777,89.984,1]},
{"frame":176,"values":[0.8846,-0.466,0.0166,0,-0.0656,-0.0892,0.9939,0,0.4617,0.8803,0.1095,0,1.4829,-0.0006,91.391,1]},
{"frame":177,"values":[0.8837,-0.4668,0.0335,0,-0.0521,-0.0269,0.9983,0,0.4651,0.884,0.0481,0,1.5849,-0.6136,92.4721,1]},
{"frame":178,"values":[0.8857,-0.4618,0.0482,0,-0.0377,0.0318,0.9988,0,0.4628,0.8864,-0.0108,0,1.6284,-1.2665,93.1113,1]},
{"frame":179,"values":[0.8898,-0.4531,0.0548,0,-0.0246,0.0722,0.9971,0,0.4558,0.8885,-0.0531,0,1.6368,-1.875,93.3819,1]},
{"frame":180,"values":[0.8942,-0.4447,0.0517,0,-0.0154,0.0848,0.9963,0,0.4474,0.8917,-0.069,0,1.6379,-2.3328,93.4121,1]},
{"frame":181,"values":[0.8962,-0.4415,0.0443,0,-0.0144,0.0709,0.9974,0,0.4435,0.8944,-0.0572,0,1.6336,-2.4921,93.2931,1]},
{"frame":182,"values":[0.8933,-0.4479,0.0376,0,-0.0229,0.0384,0.999,0,0.4489,0.8933,-0.024,0,1.6454,-2.2245,92.9333,1]},
{"frame":183,"values":[0.8866,-0.4616,0.0299,0,-0.0372,-0.0068,0.9993,0,0.461,0.8871,0.0232,0,1.6813,-1.5301,92.2737,1]},
{"frame":184,"values":[0.8812,-0.4725,0.0143,0,-0.05,-0.0631,0.9968,0,0.47,0.8791,0.0792,0,1.7366,-0.55,91.3182,1]},
{"frame":185,"values":[0.8823,-0.4705,-0.0082,0,-0.0577,-0.1253,0.9904,0,0.467,0.8734,0.1377,0,1.7689,0.5213,90.1319,1]},
{"frame":186,"values":[0.8897,-0.4556,-0.0282,0,-0.0609,-0.1797,0.9818,0,0.4524,0.8718,0.1876,0,1.768,1.5157,88.8439,1]},
{"frame":187,"values":[0.8985,-0.4371,-0.0399,0,-0.0597,-0.2119,0.9755,0,0.4348,0.8741,0.2165,0,1.7953,2.3379,87.7993,1]},
{"frame":188,"values":[0.9053,-0.4227,-0.0429,0,-0.0551,-0.2168,0.9747,0,0.4213,0.88,0.2196,0,1.9003,2.9517,87.5095,1]},
{"frame":189,"values":[0.9094,-0.4139,-0.04,0,-0.0474,-0.1987,0.9789,0,0.4131,0.8884,0.2003,0,2.1207,3.3072,88.1921,1]},
{"frame":190,"values":[0.9119,-0.4093,-0.0308,0,-0.0389,-0.1608,0.9862,0,0.4086,0.8981,0.1625,0,2.4029,3.3243,89.5845,1]},
{"frame":191,"values":[0.9136,-0.4063,-0.0143,0,-0.0304,-0.1034,0.9942,0,0.4055,0.9078,0.1068,0,2.6257,2.9437,91.1617,1]},
{"frame":192,"values":[0.9156,-0.402,0.006,0,-0.0207,-0.0323,0.9993,0,0.4015,0.9151,0.0379,0,2.715,2.1929,92.4787,1]},
{"frame":193,"values":[0.9186,-0.3944,0.0254,0,-0.0116,0.0374,0.9992,0,0.3951,0.9182,-0.0298,0,2.6766,1.2268,93.378,1]},
{"frame":194,"values":[0.9226,-0.3838,0.0378,0,-0.0048,0.0867,0.9962,0,0.3856,0.9193,-0.0781,0,2.5916,0.284,93.8742,1]},
{"frame":195,"values":[0.928,-0.3705,0.0401,0,-0.0014,0.1041,0.9946,0,0.3727,0.923,-0.0961,0,2.4784,-0.4056,94.0304,1]},
{"frame":196,"values":[0.9343,-0.3551,0.0322,0,0.0002,0.091,0.9959,0,0.3566,0.9304,-0.0851,0,2.3172,-0.6938,93.8561,1]},
{"frame":197,"values":[0.9407,-0.3389,0.017,0,0.0024,0.0565,0.9984,0,0.3393,0.9391,-0.0539,0,2.1159,-0.5374,93.3255,1]},
{"frame":198,"values":[0.9469,-0.3214,-0.0046,0,0.0076,0.008,0.9999,0,0.3214,0.9469,-0.0101,0,1.9572,0.0206,92.3872,1]},
{"frame":199,"values":[0.9541,-0.2979,-0.0297,0,0.0154,-0.0501,0.9986,0,0.2989,0.9533,0.0432,0,1.8442,0.9157,91.0646,1]},
{"frame":200,"values":[0.9636,-0.2612,-0.0565,0,0.0274,-0.1137,0.9931,0,0.2658,0.9586,0.1024,0,1.6945,2.0501,89.4895,1]},
{"frame":201,"values":[0.9744,-0.2092,-0.0826,0,0.0462,-0.1731,0.9838,0,0.2202,0.9624,0.159,0,1.4537,3.2514,87.9121,1]},
{"frame":202,"values":[0.9832,-0.1497,-0.1044,0,0.0705,-0.2163,0.9738,0,0.1683,0.9648,0.2021,0,1.2103,4.3236,86.6314,1]},
{"frame":203,"values":[0.9883,-0.0947,-0.1195,0,0.0943,-0.2366,0.967,0,0.1198,0.967,0.2249,0,1.119,5.1102,85.9133,1]},
{"frame":204,"values":[0.9905,-0.0505,-0.1279,0,0.1127,-0.2339,0.9657,0,0.0787,0.9709,0.226,0,1.2091,5.4953,85.9516,1]},
{"frame":205,"values":[0.9913,-0.0158,-0.131,0,0.1248,-0.2099,0.9697,0,0.0429,0.9776,0.2061,0,1.3997,5.4272,86.7819,1]},
{"frame":206,"values":[0.9917,0.0117,-0.1284,0,0.1285,-0.1664,0.9776,0,0.0099,0.986,0.1665,0,1.6056,4.9192,88.2284,1]},
{"frame":207,"values":[0.9923,0.0318,-0.1199,0,0.1227,-0.1087,0.9865,0,-0.0183,0.9936,0.1117,0,1.8565,3.9985,89.9381,1]},
{"frame":208,"values":[0.9933,0.0436,-0.1071,0,0.109,-0.0428,0.9931,0,-0.0388,0.9981,0.0473,0,2.2431,2.7236,91.5936,1]},
{"frame":209,"values":[0.9944,0.0505,-0.0927,0,0.0915,0.0248,0.9955,0,-0.0526,0.9984,-0.02,0,2.7997,1.2681,92.96,1]},
{"frame":210,"values":[0.9952,0.0594,-0.0779,0,0.0728,0.0842,0.9938,0,-0.0656,0.9947,-0.0795,0,3.4009,-0.0896,93.8679,1]},
{"frame":211,"values":[0.9949,0.0772,-0.0644,0,0.0547,0.122,0.991,0,-0.0844,0.9895,-0.1172,0,3.8503,-1.1014,94.1923,1]},
{"frame":212,"values":[0.993,0.1058,-0.0527,0,0.039,0.128,0.991,0,-0.1116,0.9861,-0.1229,0,4.0096,-1.6296,93.9886,1]},
{"frame":213,"values":[0.9894,0.1386,-0.0436,0,0.0299,0.0992,0.9946,0,-0.1422,0.9854,-0.094,0,3.9124,-1.6404,93.3773,1]},
{"frame":214,"values":[0.9854,0.1653,-0.0399,0,0.0334,0.0417,0.9986,0,-0.1668,0.9854,-0.0356,0,3.6697,-1.1462,92.4738,1]},
{"frame":215,"values":[0.9825,0.181,-0.0445,0,0.0508,-0.0306,0.9982,0,-0.1793,0.983,0.0393,0,3.2683,-0.2001,91.3723,1]},
{"frame":216,"values":[0.9806,0.1872,-0.0572,0,0.0767,-0.0986,0.9922,0,-0.1801,0.9774,0.111,0,2.6218,1.0611,90.3286,1]},
{"frame":217,"values":[0.9798,0.1859,-0.073,0,0.1012,-0.1466,0.984,0,-0.1722,0.9716,0.1625,0,1.7589,2.3677,89.5779,1]},
{"frame":218,"values":[0.9805,0.1761,-0.0871,0,0.1173,-0.1693,0.9786,0,-0.1576,0.9697,0.1867,0,0.8889,3.3929,89.1304,1]},
{"frame":219,"values":[0.9824,0.1598,-0.0968,0,0.1237,-0.1681,0.978,0,-0.14,0.9727,0.1849,0,0.2025,3.9518,89.0203,1]},
{"frame":220,"values":[0.9843,0.1453,-0.1007,0,0.1222,-0.1474,0.9815,0,-0.1278,0.9783,0.1629,0,-0.2742,4.0733,89.3604,1]},
{"frame":221,"values":[0.9852,0.1401,-0.0983,0,0.1146,-0.1132,0.9869,0,-0.1271,0.9837,0.1275,0,-0.6171,3.8527,90.1537,1]},
{"frame":222,"values":[0.9855,0.1419,-0.0928,0,0.1034,-0.0692,0.9922,0,-0.1343,0.9875,0.0829,0,-0.8517,3.3168,91.2251,1]},
{"frame":223,"values":[0.986,0.1418,-0.0875,0,0.0908,-0.0173,0.9957,0,-0.1397,0.9897,0.0299,0,-0.9518,2.465,92.3812,1]},
{"frame":224,"values":[0.9872,0.1355,-0.0839,0,0.0793,0.0385,0.9961,0,-0.1382,0.99,-0.0273,0,-0.9216,1.3796,93.4332,1]},
{"frame":225,"values":[0.9885,0.1276,-0.0808,0,0.0699,0.0878,0.9937,0,-0.1339,0.9879,-0.0779,0,-0.8522,0.2544,94.1898,1]},
{"frame":226,"values":[0.9888,0.128,-0.0771,0,0.062,0.1183,0.991,0,-0.1359,0.9847,-0.109,0,-0.8599,-0.6757,94.5232,1]},
{"frame":227,"values":[0.9856,0.1515,-0.0754,0,0.058,0.1165,0.9915,0,-0.159,0.9816,-0.106,0,-1.0054,-1.2476,94.3118,1]},
{"frame":228,"values":[0.9733,0.2147,-0.0807,0,0.0667,0.0719,0.9952,0,-0.2195,0.974,-0.0557,0,-1.2726,-1.5411,93.2664,1]},
{"frame":229,"values":[0.957,0.2763,-0.0883,0,0.0869,0.0175,0.9961,0,-0.2768,0.9609,0.0072,0,-1.5761,-1.4535,92.1136,1]},
{"frame":230,"values":[0.9387,0.3309,-0.0964,0,0.1127,-0.0304,0.9932,0,-0.3257,0.9432,0.0658,0,-1.8224,-1.3877,91.0329,1]},
{"frame":231,"values":[0.9206,0.3766,-0.1033,0,0.1384,-0.0674,0.9881,0,-0.3651,0.9239,0.1142,0,-1.9784,-1.4387,90.0512,1]},
{"frame":232,"values":[0.9049,0.4119,-0.1075,0,0.1597,-0.0945,0.9826,0,-0.3946,0.9063,0.1513,0,-2.0834,-1.5474,89.1392,1]},
{"frame":233,"values":[0.8927,0.4369,-0.1102,0,0.1759,-0.1128,0.9779,0,-0.4148,0.8924,0.1776,0,-2.2266,-1.5629,88.2993,1]},
{"frame":234,"values":[0.8847,0.4512,-0.1171,0,0.1874,-0.1142,0.9756,0,-0.4268,0.8851,0.1856,0,-2.409,-1.4127,87.9973,1]},
{"frame":235,"values":[0.8823,0.4542,-0.1233,0,0.187,-0.098,0.9775,0,-0.4319,0.8855,0.1714,0,-2.4817,-1.2086,88.554,1]},
{"frame":236,"values":[0.8829,0.4523,-0.1262,0,0.1762,-0.0699,0.9819,0,-0.4353,0.8891,0.1414,0,-2.4194,-1.0376,89.6872,1]},
{"frame":237,"values":[0.8825,0.4532,-0.1259,0,0.1573,-0.0321,0.987,0,-0.4433,0.8908,0.0996,0,-2.1396,-1.0588,91.1036,1]},
{"frame":238,"values":[0.8815,0.4555,-0.1245,0,0.1346,0.0103,0.9908,0,-0.4526,0.8902,0.0522,0,-1.6591,-1.3083,92.2683,1]},
{"frame":239,"values":[0.8808,0.4577,-0.1212,0,0.1097,0.0518,0.9926,0,-0.4606,0.8876,0.0046,0,-1.0921,-1.7077,92.9954,1]},
{"frame":240,"values":[0.8783,0.4641,-0.1148,0,0.0866,0.0816,0.9929,0,-0.4702,0.882,-0.0314,0,-0.5705,-2.1493,93.2655,1]},
{"frame":241,"values":[0.8722,0.4775,-0.1061,0,0.0715,0.0901,0.9934,0,-0.4839,0.874,-0.0444,0,-0.196,-2.5343,93.2272,1]},
{"frame":242,"values":[0.8629,0.4957,-0.0989,0,0.0707,0.0755,0.9946,0,-0.5005,0.8652,-0.0301,0,-0.0075,-2.7784,93.0267,1]},
{"frame":243,"values":[0.8538,0.5119,-0.0947,0,0.0846,0.0431,0.9955,0,-0.5136,0.858,0.0065,0,-0.0087,-2.7646,92.6147,1]},
{"frame":244,"values":[0.8492,0.5197,-0.0935,0,0.1087,0.0013,0.9941,0,-0.5167,0.8544,0.0554,0,-0.1827,-2.4037,91.9148,1]},
{"frame":245,"values":[0.8503,0.5176,-0.0948,0,0.1369,-0.0435,0.9896,0,-0.5081,0.8545,0.1078,0,-0.4776,-1.7636,90.9867,1]},
{"frame":246,"values":[0.8546,0.5099,-0.0984,0,0.1645,-0.086,0.9826,0,-0.4926,0.8559,0.1574,0,-0.8817,-1.0269,89.8787,1]},
{"frame":247,"values":[0.8592,0.5006,-0.1054,0,0.1886,-0.1186,0.9749,0,-0.4755,0.8575,0.1963,0,-1.4072,-0.358,88.666,1]},
{"frame":248,"values":[0.8648,0.4881,-0.1174,0,0.2075,-0.1345,0.9689,0,-0.4572,0.8624,0.2176,0,-1.9657,0.1453,87.5581,1]},
{"frame":249,"values":[0.8731,0.4694,-0.1322,0,0.2186,-0.1344,0.9665,0,-0.4359,0.8727,0.22,0,-2.4254,0.4626,86.9244,1]},
{"frame":250,"values":[0.8838,0.4459,-0.1418,0,0.2186,-0.1256,0.9677,0,-0.4137,0.8862,0.2085,0,-2.6999,0.6161,87.0954,1]},
{"frame":251,"values":[0.8965,0.4201,-0.1406,0,0.2054,-0.113,0.9721,0,-0.3925,0.9004,0.1876,0,-2.7721,0.6274,88.1153,1]},
{"frame":252,"values":[0.9118,0.3896,-0.1298,0,0.1797,-0.0943,0.9792,0,-0.3692,0.9162,0.1559,0,-2.5884,0.4818,89.6629,1]},
{"frame":253,"values":[0.9299,0.3501,-0.1129,0,0.1438,-0.0635,0.9876,0,-0.3386,0.9346,0.1094,0,-2.1103,0.1282,91.2691,1]},
{"frame":254,"values":[0.9492,0.3007,-0.0929,0,0.1034,-0.0192,0.9945,0,-0.2973,0.9535,0.0493,0,-1.4566,-0.4246,92.5763,1]},
{"frame":255,"values":[0.9666,0.2459,-0.0723,0,0.0672,0.029,0.9973,0,-0.2473,0.9689,-0.0115,0,-0.818,-1.0568,93.329,1]},
{"frame":256,"values":[0.9802,0.1909,-0.0532,0,0.0415,0.0649,0.997,0,-0.1938,0.9795,-0.0557,0,-0.2979,-1.652,93.5792,1]},
{"frame":257,"values":[0.9896,0.138,-0.0402,0,0.0296,0.0779,0.9965,0,-0.1407,0.9874,-0.0731,0,0.1156,-2.1677,93.5901,1]},
{"frame":258,"values":[0.9957,0.0858,-0.0338,0,0.0281,0.0664,0.9974,0,-0.0878,0.9941,-0.0638,0,0.4051,-2.5384,93.4451,1]},
{"frame":259,"values":[0.9991,0.031,-0.0301,0,0.029,0.0356,0.9989,0,-0.032,0.9989,-0.0347,0,0.5329,-2.6244,92.9907,1]},
{"frame":260,"values":[0.9992,-0.0274,-0.0292,0,0.0289,-0.0087,0.9995,0,0.0277,0.9996,0.0079,0,0.5519,-2.3182,92.1435,1]},
{"frame":261,"values":[0.996,-0.0834,-0.0335,0,0.0281,-0.0649,0.9975,0,0.0853,0.9944,0.0623,0,0.5433,-1.6492,90.9755,1]},
{"frame":262,"values":[0.991,-0.1261,-0.0441,0,0.0274,-0.1312,0.991,0,0.1307,0.9833,0.1266,0,0.5324,-0.7674,89.6129,1]},
{"frame":263,"values":[0.9867,-0.1523,-0.0567,0,0.0259,-0.1972,0.98,0,0.1604,0.9685,0.1907,0,0.5038,0.1513,88.2625,1]},
{"frame":264,"values":[0.9832,-0.1708,-0.065,0,0.0213,-0.2466,0.9689,0,0.1815,0.9539,0.2388,0,0.4894,0.9723,87.1939,1]},
{"frame":271,"values":[0.7303,0.6831,0.0026,0,0.0511,-0.0584,0.997,0,-0.6812,0.728,0.0776,0,0.0673,-0.8783,89.5798,1]},
{"frame":272,"values":[0.73,0.6835,0.0026,0,0.0513,-0.0586,0.997,0,-0.6815,0.7276,0.0779,0,0.0787,-0.888,89.5885,1]},
{"frame":273,"values":[0.7298,0.6837,0.0026,0,0.0515,-0.0588,0.9969,0,-0.6817,0.7274,0.0782,0,0.0915,-0.8936,89.5975,1]},
{"frame":274,"values":[0.7298,0.6837,0.0025,0,0.0519,-0.059,0.9969,0,-0.6817,0.7274,0.0785,0,0.1034,-0.8922,89.6075,1]},
{"frame":275,"values":[0.7301,0.6834,0.0023,0,0.0523,-0.0591,0.9969,0,-0.6814,0.7277,0.0789,0,0.1124,-0.8813,89.6188,1]},
{"frame":276,"values":[0.7306,0.6828,0.0021,0,0.0527,-0.0594,0.9968,0,-0.6808,0.7281,0.0793,0,0.1169,-0.8598,89.6309,1]},
{"frame":277,"values":[0.7311,0.6822,0.0021,0,0.0531,-0.0599,0.9968,0,-0.6802,0.7287,0.08,0,0.1172,-0.8289,89.6443,1]},
{"frame":278,"values":[0.7316,0.6817,0.0021,0,0.0535,-0.0604,0.9967,0,-0.6796,0.7291,0.0807,0,0.1151,-0.7908,89.6611,1]},
{"frame":279,"values":[0.7319,0.6814,0.0022,0,0.0538,-0.0609,0.9967,0,-0.6793,0.7293,0.0812,0,0.1126,-0.7468,89.6833,1]},
{"frame":280,"values":[0.7319,0.6814,0.0022,0,0.054,-0.0612,0.9967,0,-0.6792,0.7294,0.0816,0,0.1116,-0.6977,89.71,1]},
{"frame":281,"values":[0.7318,0.6815,0.0023,0,0.0541,-0.0614,0.9966,0,-0.6794,0.7292,0.0818,0,0.1148,-0.6451,89.7365,1]},
{"frame":282,"values":[0.7316,0.6817,0.0023,0,0.0543,-0.0617,0.9966,0,-0.6796,0.729,0.0821,0,0.1243,-0.5917,89.7572,1]},
{"frame":283,"values":[0.7315,0.6819,0.0024,0,0.0546,-0.0621,0.9966,0,-0.6797,0.7288,0.0827,0,0.1387,-0.54,89.7701,1]},
{"frame":284,"values":[0.7316,0.6817,0.0026,0,0.055,-0.0628,0.9965,0,-0.6795,0.729,0.0835,0,0.1524,-0.4906,89.7784,1]},
{"frame":285,"values":[0.7322,0.6811,0.0026,0,0.0555,-0.0635,0.9964,0,-0.6788,0.7294,0.0843,0,0.1597,-0.443,89.7895,1]},
{"frame":286,"values":[0.7328,0.6805,0.0026,0,0.0559,-0.064,0.9964,0,-0.6782,0.73,0.085,0,0.1599,-0.3975,89.8094,1]},
{"frame":287,"values":[0.733,0.6802,0.0024,0,0.0563,-0.0642,0.9963,0,-0.6778,0.7302,0.0854,0,0.1573,-0.3556,89.8381,1]},
{"frame":288,"values":[0.7328,0.6804,0.0022,0,0.0565,-0.0641,0.9963,0,-0.6781,0.73,0.0855,0,0.1566,-0.3182,89.8704,1]},
{"frame":289,"values":[0.7323,0.681,0.002,0,0.0567,-0.0639,0.9963,0,-0.6786,0.7295,0.0854,0,0.1587,-0.2837,89.8999,1]},
{"frame":290,"values":[0.7319,0.6814,0.0018,0,0.0569,-0.0638,0.9963,0,-0.679,0.7291,0.0855,0,0.1615,-0.2487,89.9224,1]},
{"frame":291,"values":[0.7318,0.6815,0.0018,0,0.057,-0.0638,0.9963,0,-0.6791,0.729,0.0856,0,0.1626,-0.2103,89.9381,1]},
{"frame":292,"values":[0.732,0.6814,0.0018,0,0.0571,-0.064,0.9963,0,-0.679,0.7292,0.0858,0,0.161,-0.1671,89.9501,1]},
{"frame":293,"values":[0.7322,0.6811,0.0019,0,0.0572,-0.0642,0.9963,0,-0.6787,0.7294,0.086,0,0.157,-0.1204,89.9618,1]},
{"frame":294,"values":[0.7325,0.6808,0.002,0,0.0572,-0.0644,0.9963,0,-0.6784,0.7297,0.0861,0,0.152,-0.0733,89.9743,1]},
{"frame":295,"values":[0.7326,0.6806,0.0021,0,0.0571,-0.0645,0.9963,0,-0.6782,0.7298,0.0862,0,0.147,-0.0301,89.9862,1]},
{"frame":296,"values":[0.7326,0.6807,0.0022,0,0.057,-0.0646,0.9963,0,-0.6783,0.7297,0.0861,0,0.143,0.0046,89.9958,1]},
{"frame":297,"values":[0.7323,0.6809,0.0023,0,0.0569,-0.0645,0.9963,0,-0.6785,0.7295,0.0859,0,0.1396,0.0279,90.0024,1]},
{"frame":298,"values":[0.7321,0.6812,0.0022,0,0.0567,-0.0642,0.9963,0,-0.6788,0.7293,0.0857,0,0.1358,0.0396,90.0072,1]},
{"frame":299,"values":[0.7319,0.6814,0.0022,0,0.0566,-0.0639,0.9963,0,-0.6791,0.7291,0.0854,0,0.131,0.0414,90.0105,1]},
{"frame":300,"values":[0.7318,0.6816,0.002,0,0.0565,-0.0636,0.9964,0,-0.6792,0.729,0.0851,0,0.1259,0.0352,90.0096,1]},
{"frame":301,"values":[0.7317,0.6817,0.002,0,0.0564,-0.0634,0.9964,0,-0.6793,0.7289,0.0848,0,0.1221,0.0213,90.0004,1]},
{"frame":302,"values":[0.7317,0.6817,0.0019,0,0.0563,-0.0633,0.9964,0,-0.6793,0.7289,0.0847,0,0.1201,-0.0001,89.9812,1]},
{"frame":303,"values":[0.7318,0.6815,0.0019,0,0.0564,-0.0633,0.9964,0,-0.6791,0.7291,0.0848,0,0.1187,-0.0278,89.956,1]},
{"frame":304,"values":[0.7321,0.6811,0.0018,0,0.0564,-0.0634,0.9964,0,-0.6788,0.7294,0.0848,0,0.1155,-0.0598,89.9329,1]},
{"frame":305,"values":[0.7324,0.6808,0.0017,0,0.0565,-0.0633,0.9964,0,-0.6785,0.7297,0.0849,0,0.1094,-0.0942,89.919,1]},
{"frame":306,"values":[0.7325,0.6807,0.0017,0,0.0564,-0.0631,0.9964,0,-0.6784,0.7298,0.0846,0,0.1021,-0.1301,89.9155,1]},
{"frame":307,"values":[0.7323,0.681,0.0017,0,0.0561,-0.0627,0.9965,0,-0.6786,0.7296,0.0841,0,0.0967,-0.1685,89.9155,1]},
{"frame":308,"values":[0.7319,0.6814,0.0017,0,0.0558,-0.0624,0.9965,0,-0.6791,0.7293,0.0837,0,0.0951,-0.2098,89.9088,1]},
{"frame":309,"values":[0.7316,0.6817,0.0017,0,0.0556,-0.0621,0.9965,0,-0.6794,0.729,0.0833,0,0.0956,-0.2525,89.8893,1]},
{"frame":310,"values":[0.7317,0.6817,0.0018,0,0.0554,-0.0621,0.9965,0,-0.6794,0.729,0.0832,0,0.0946,-0.293,89.8592,1]},
{"frame":311,"values":[0.7319,0.6814,0.0018,0,0.0553,-0.0621,0.9965,0,-0.6792,0.7293,0.0831,0,0.0899,-0.3288,89.8276,1]},
{"frame":312,"values":[0.7321,0.6812,0.0019,0,0.0551,-0.0621,0.9965,0,-0.6789,0.7295,0.083,0,0.0819,-0.3601,89.8029,1]},
{"frame":313,"values":[0.732,0.6813,0.0021,0,0.0549,-0.062,0.9966,0,-0.679,0.7294,0.0828,0,0.0726,-0.3903,89.7877,1]},
{"frame":321,"values":[1,0,0,0,0,0,1,0,0,1,0,0,0,-0.0352,96.3948,1]},
{"frame":322,"values":[1,0,0,0,0,0,1,0,0,1,0,0,0,-0.0352,96.3948,1]},
{"frame":331,"values":[0.9961,-0.0229,-0.0851,0,0.0847,-0.0176,0.9963,0,0.0244,0.9996,0.0156,0,0,3.9855,94.2447,1]},
{"frame":332,"values":[0.9939,-0.0708,-0.0851,0,0.0838,-0.0216,0.9963,0,0.0723,0.9973,0.0156,0,-0.6108,4.6096,94.066,1]},
{"frame":333,"values":[0.9896,-0.1158,-0.0851,0,0.0827,-0.0254,0.9963,0,0.1175,0.993,0.0156,0,-1.2318,5.0516,93.8971,1]},
{"frame":334,"values":[0.9835,-0.1598,-0.0851,0,0.0815,-0.0291,0.9963,0,0.1617,0.9867,0.0156,0,-1.858,5.2731,93.7431,1]},
{"frame":335,"values":[0.9753,-0.2037,-0.0851,0,0.0801,-0.0327,0.9963,0,0.2057,0.9785,0.0156,0,-2.482,5.2634,93.6078,1]},
{"frame":336,"values":[0.9652,-0.2474,-0.0851,0,0.0785,-0.0363,0.9963,0,0.2495,0.9682,0.0156,0,-3.0937,5.0576,93.4949,1]},
{"frame":337,"values":[0.9531,-0.2905,-0.0851,0,0.0768,-0.0398,0.9963,0,0.2928,0.956,0.0156,0,-3.6808,4.7085,93.4109,1]},
{"frame":338,"values":[0.9391,-0.333,-0.0851,0,0.075,-0.0432,0.9963,0,0.3354,0.9419,0.0156,0,-4.2309,4.2481,93.3628,1]},
{"frame":339,"values":[0.9232,-0.3748,-0.0851,0,0.073,-0.0465,0.9963,0,0.3774,0.9259,0.0156,0,-4.7388,3.675,93.35,1]},
{"frame":340,"values":[0.9054,-0.4159,-0.0851,0,0.0708,-0.0497,0.9963,0,0.4186,0.908,0.0156,0,-5.2069,2.9759,93.3639,1]},
{"frame":341,"values":[0.8858,-0.4562,-0.0851,0,0.0685,-0.0529,0.9963,0,0.459,0.8883,0.0156,0,-5.6259,2.1514,93.3962,1]},
{"frame":342,"values":[0.8644,-0.4955,-0.0851,0,0.066,-0.0559,0.9963,0,0.4984,0.8668,0.0156,0,-5.9533,1.2174,93.4444,1]},
{"frame":343,"values":[0.8413,-0.5338,-0.0851,0,0.0635,-0.0588,0.9963,0,0.5368,0.8435,0.0156,0,-6.1283,0.1917,93.5074,1]},
{"frame":344,"values":[0.8165,-0.5711,-0.0851,0,0.0608,-0.0616,0.9963,0,0.5742,0.8186,0.0156,0,-6.1196,-0.9104,93.5831,1]},
{"frame":345,"values":[0.79,-0.6072,-0.0851,0,0.0579,-0.0643,0.9963,0,0.6104,0.792,0.0156,0,-5.9456,-2.0641,93.6682,1]},
{"frame":346,"values":[0.7619,-0.642,-0.0851,0,0.055,-0.0668,0.9963,0,0.6453,0.7638,0.0156,0,-5.6386,-3.227,93.76,1]},
{"frame":347,"values":[0.7323,-0.6756,-0.0851,0,0.0519,-0.0692,0.9963,0,0.679,0.734,0.0156,0,-5.2006,-4.3471,93.8557,1]},
{"frame":348,"values":[0.7012,-0.7078,-0.0851,0,0.0488,-0.0715,0.9963,0,0.7112,0.7028,0.0156,0,-4.6083,-5.3815,93.9528,1]},
{"frame":349,"values":[0.6687,-0.7386,-0.0851,0,0.0455,-0.0736,0.9963,0,0.7421,0.6701,0.0156,0,-3.8511,-6.305,94.0486,1]},
{"frame":350,"values":[0.6349,-0.7679,-0.0851,0,0.0422,-0.0755,0.9963,0,0.7714,0.6361,0.0156,0,-2.9521,-7.1051,94.1403,1]},
{"frame":351,"values":[0.5998,-0.7956,-0.0851,0,0.0387,-0.0774,0.9963,0,0.7992,0.6008,0.0156,0,-1.9595,-7.7694,94.2252,1]},
{"frame":352,"values":[0.5634,-0.8218,-0.0851,0,0.0352,-0.079,0.9963,0,0.8254,0.5643,0.0156,0,-0.9324,-8.2813,94.3008,1]},
{"frame":353,"values":[0.5259,-0.8462,-0.0851,0,0.0316,-0.0805,0.9963,0,0.8499,0.5267,0.0156,0,0.0627,-8.6192,94.3646,1]},
{"frame":354,"values":[0.4874,-0.869,-0.0851,0,0.028,-0.0819,0.9963,0,0.8727,0.488,0.0156,0,0.9586,-8.7547,94.4133,1]},
{"frame":355,"values":[0.4479,-0.89,-0.0851,0,0.0243,-0.083,0.9963,0,0.8938,0.4483,0.0156,0,1.7068,-8.6,94.4435,1]},
{"frame":356,"values":[0.4075,-0.9093,-0.0851,0,0.0205,-0.084,0.9963,0,0.913,0.4077,0.0156,0,2.2916,-8.1007,94.455,1]},
{"frame":357,"values":[0.3662,-0.9266,-0.0851,0,0.0167,-0.0849,0.9963,0,0.9304,0.3663,0.0156,0,2.7148,-7.2887,94.4522,1]},
{"frame":358,"values":[0.3242,-0.9421,-0.0851,0,0.0129,-0.0855,0.9963,0,0.9459,0.3241,0.0156,0,2.9636,-6.2187,94.4415,1]},
{"frame":359,"values":[0.2815,-0.9558,-0.0851,0,0.009,-0.086,0.9963,0,0.9595,0.2813,0.0156,0,3.0091,-4.9572,94.4264,1]},
{"frame":360,"values":[0.2383,-0.9675,-0.0851,0,0.0052,-0.0864,0.9963,0,0.9712,0.2379,0.0156,0,2.8462,-3.5697,94.4077,1]},
{"frame":361,"values":[0.1947,-0.9772,-0.0851,0,0.0013,-0.0865,0.9963,0,0.9809,0.1941,0.0156,0,2.5218,-2.117,94.3853,1]},
{"frame":362,"values":[0.1508,-0.9849,-0.0851,0,-0.0026,-0.0865,0.9963,0,0.9886,0.15,0.0156,0,2.1053,-0.658,94.3598,1]},
{"frame":363,"values":[0.1061,-0.9907,-0.0851,0,-0.0065,-0.0863,0.9963,0,0.9943,0.1052,0.0156,0,1.6407,0.7452,94.3323,1]},
{"frame":364,"values":[0.061,-0.9945,-0.0851,0,-0.0104,-0.0859,0.9963,0,0.9981,0.0599,0.0156,0,1.1348,2.026,94.3034,1]},
{"frame":365,"values":[0.0171,-0.9962,-0.0851,0,-0.0142,-0.0853,0.9963,0,0.9998,0.0158,0.0156,0,0.5857,3.1227,94.2741,1]},
{"frame":366,"values":[-0.0217,-0.9961,-0.0851,0,-0.0175,-0.0847,0.9963,0,0.9996,-0.0232,0.0156,0,0,3.9855,94.2447,1]},
{"frame":381,"values":[0.996,-0.0262,-0.0851,0,0.0847,-0.0179,0.9963,0,0.0276,0.9995,0.0156,0,0,3.9855,94.2447,1]},
{"frame":382,"values":[0.9962,0.0186,-0.0851,0,0.0854,-0.014,0.9963,0,-0.0173,0.9997,0.0156,0,1.2768,3.4769,94.1377,1]},
{"frame":383,"values":[0.9944,0.0632,-0.0851,0,0.0859,-0.0102,0.9963,0,-0.0621,0.9979,0.0156,0,2.8095,3.0972,94.0323,1]},
{"frame":384,"values":[0.9905,0.1078,-0.0851,0,0.0863,-0.0063,0.9963,0,-0.1068,0.9942,0.0156,0,4.5384,2.9403,93.9286,1]},
{"frame":385,"values":[0.9847,0.1521,-0.0851,0,0.0865,-0.0025,0.9963,0,-0.1513,0.9884,0.0156,0,6.3098,3.0946,93.8296,1]},
{"frame":386,"values":[0.9769,0.1961,-0.0851,0,0.0865,0.0014,0.9963,0,-0.1955,0.9806,0.0156,0,7.9349,3.5792,93.7427,1]},
{"frame":387,"values":[0.9671,0.2398,-0.0851,0,0.0864,0.0053,0.9963,0,-0.2393,0.9708,0.0156,0,9.2665,4.3168,93.6782,1]},
{"frame":388,"values":[0.9554,0.2829,-0.0851,0,0.086,0.0092,0.9963,0,-0.2826,0.9591,0.0156,0,10.2136,5.1611,93.6441,1]},
{"frame":389,"values":[0.9417,0.3255,-0.0851,0,0.0855,0.013,0.9963,0,-0.3254,0.9455,0.0156,0,10.7561,5.9688,93.6406,1]},
{"frame":390,"values":[0.9262,0.3674,-0.0851,0,0.0849,0.0168,0.9963,0,-0.3675,0.9299,0.0156,0,10.9598,6.6618,93.6611,1]},
{"frame":391,"values":[0.9087,0.4086,-0.0851,0,0.084,0.0206,0.9963,0,-0.4088,0.9125,0.0156,0,10.9496,7.2316,93.6971,1]},
{"frame":392,"values":[0.8895,0.4489,-0.0851,0,0.083,0.0244,0.9963,0,-0.4493,0.8932,0.0156,0,10.8344,7.6995,93.7432,1]},
{"frame":393,"values":[0.8685,0.4884,-0.0851,0,0.0818,0.0281,0.9963,0,-0.489,0.8722,0.0156,0,10.6484,8.0799,93.7982,1]},
{"frame":394,"values":[0.8457,0.5269,-0.0851,0,0.0805,0.0317,0.9963,0,-0.5276,0.8493,0.0156,0,10.3728,8.3775,93.8625,1]},
{"frame":395,"values":[0.8212,0.5643,-0.0851,0,0.079,0.0353,0.9963,0,-0.5652,0.8248,0.0156,0,9.9954,8.6026,93.9356,1]},
{"frame":396,"values":[0.795,0.6006,-0.0851,0,0.0773,0.0388,0.9963,0,-0.6016,0.7986,0.0156,0,9.5294,8.7778,94.016,1]},
{"frame":397,"values":[0.7673,0.6356,-0.0851,0,0.0755,0.0422,0.9963,0,-0.6368,0.7708,0.0156,0,8.9915,8.9277,94.1016,1]},
{"frame":398,"values":[0.738,0.6694,-0.0851,0,0.0735,0.0456,0.9963,0,-0.6708,0.7415,0.0156,0,8.3942,9.0717,94.19,1]},
{"frame":399,"values":[0.7072,0.7018,-0.0851,0,0.0714,0.0488,0.9963,0,-0.7034,0.7107,0.0156,0,7.762,9.2267,94.278,1]},
{"frame":400,"values":[0.675,0.7329,-0.0851,0,0.0691,0.052,0.9963,0,-0.7345,0.6784,0.0156,0,7.1325,9.4026,94.3619,1]},
{"frame":401,"values":[0.6415,0.7624,-0.0851,0,0.0667,0.055,0.9963,0,-0.7642,0.6447,0.0156,0,6.5312,9.5823,94.4388,1]},
{"frame":402,"values":[0.6066,0.7904,-0.0851,0,0.0642,0.058,0.9963,0,-0.7924,0.6098,0.0156,0,5.9562,9.7193,94.5061,1]},
{"frame":403,"values":[0.5705,0.8168,-0.0851,0,0.0615,0.0608,0.9963,0,-0.819,0.5736,0.0156,0,5.4004,9.7739,94.5617,1]},
{"frame":404,"values":[0.5333,0.8416,-0.0851,0,0.0588,0.0635,0.9963,0,-0.8439,0.5363,0.0156,0,4.8648,9.7369,94.6029,1]},
{"frame":405,"values":[0.495,0.8647,-0.0851,0,0.0558,0.0661,0.9963,0,-0.8671,0.4979,0.0156,0,4.319,9.594,94.628,1]},
{"frame":406,"values":[0.4557,0.886,-0.0851,0,0.0528,0.0685,0.9963,0,-0.8885,0.4585,0.0156,0,3.6738,9.3061,94.6379,1]},
{"frame":407,"values":[0.4155,0.9056,-0.0851,0,0.0497,0.0708,0.9963,0,-0.9082,0.4182,0.0156,0,2.85,8.8695,94.6371,1]},
{"frame":408,"values":[0.3745,0.9233,-0.0851,0,0.0465,0.073,0.9963,0,-0.9261,0.377,0.0156,0,1.8881,8.3608,94.6307,1]},
{"frame":409,"values":[0.3327,0.9392,-0.0851,0,0.0432,0.075,0.9963,0,-0.9421,0.3351,0.0156,0,0.9565,7.8719,94.6202,1]},
{"frame":410,"values":[0.2902,0.9532,-0.0851,0,0.0397,0.0768,0.9963,0,-0.9561,0.2925,0.0156,0,0.2316,7.4194,94.6022,1]},
{"frame":411,"values":[0.2471,0.9652,-0.0851,0,0.0363,0.0786,0.9963,0,-0.9683,0.2493,0.0156,0,-0.2297,6.9524,94.5719,1]},
{"frame":412,"values":[0.2036,0.9754,-0.0851,0,0.0327,0.0801,0.9963,0,-0.9785,0.2056,0.0156,0,-0.4974,6.4211,94.5274,1]},
{"frame":413,"values":[0.1596,0.9835,-0.0851,0,0.0291,0.0815,0.9963,0,-0.9867,0.1615,0.0156,0,-0.6499,5.8214,94.4705,1]},
{"frame":414,"values":[0.1153,0.9897,-0.0851,0,0.0254,0.0827,0.9963,0,-0.993,0.1171,0.0156,0,-0.6681,5.1896,94.4037,1]},
{"frame":415,"values":[0.0708,0.9939,-0.0851,0,0.0216,0.0838,0.9963,0,-0.9973,0.0724,0.0156,0,-0.4717,4.5688,94.3283,1]},
{"frame":416,"values":[0.0262,0.996,-0.0851,0,0.0179,0.0847,0.9963,0,-0.9995,0.0276,0.0156,0,0,3.9855,94.2447,1]},
{"frame":431,"values":[0.9997,0.0203,-0.0148,0,0.0158,-0.0492,0.9987,0,-0.0195,0.9986,0.0495,0,-3.6736,4.1687,94.4678,1]},
{"frame":432,"values":[0.9998,0.0148,-0.0164,0,0.017,-0.0383,0.9991,0,-0.0141,0.9992,0.0385,0,-3.4337,8.0552,94.4904,1]},
{"frame":433,"values":[0.9997,0.0136,-0.0209,0,0.0213,-0.031,0.9993,0,-0.0129,0.9994,0.0313,0,-3.0508,12.0228,94.0475,1]},
{"frame":434,"values":[0.9992,0.0178,-0.0348,0,0.0353,-0.0257,0.999,0,-0.0169,0.9995,0.0264,0,-2.6323,16.3854,92.9109,1]},
{"frame":435,"values":[0.9981,0.0259,-0.0565,0,0.0571,-0.0244,0.9981,0,-0.0245,0.9994,0.0259,0,-2.1822,21.1919,91.3253,1]},
{"frame":436,"values":[0.9977,0.0343,-0.0593,0,0.0601,-0.0238,0.9979,0,-0.0329,0.9991,0.0258,0,-1.7997,25.7531,90.2611,1]},
{"frame":437,"values":[0.9977,0.041,-0.0532,0,0.0542,-0.0247,0.9982,0,-0.0396,0.9989,0.0268,0,-1.3586,30.2957,89.6661,1]},
{"frame":438,"values":[0.9982,0.043,-0.0408,0,0.042,-0.0267,0.9988,0,-0.0418,0.9987,0.0284,0,-0.8239,35.0322,89.4444,1]},
{"frame":439,"values":[0.9991,0.0386,-0.0179,0,0.0189,-0.0263,0.9995,0,-0.0381,0.9989,0.027,0,-0.3267,39.7598,89.5382,1]},
{"frame":440,"values":[0.9994,0.0273,0.0191,0,-0.0183,-0.0291,0.9994,0,-0.0279,0.9992,0.0286,0,0.0666,44.1649,89.9717,1]},
{"frame":441,"values":[0.9985,0.0134,0.0535,0,-0.0528,-0.0474,0.9975,0,-0.0159,0.9988,0.0467,0,0.481,48.5405,90.0537,1]},
{"frame":442,"values":[0.9969,0.0075,0.0788,0,-0.0781,-0.0701,0.9945,0,-0.013,0.9975,0.0693,0,0.918,52.8359,90.104,1]},
{"frame":443,"values":[0.9956,0.0156,0.0927,0,-0.0913,-0.0762,0.9929,0,-0.0226,0.997,0.0744,0,1.283,56.9784,90.4541,1]},
{"frame":444,"values":[0.9949,0.0311,0.0959,0,-0.0936,-0.0677,0.9933,0,-0.0374,0.9972,0.0645,0,1.4749,61.1002,91.2711,1]},
{"frame":445,"values":[0.995,0.0416,0.0904,0,-0.0879,-0.0581,0.9944,0,-0.0466,0.9974,0.0542,0,1.4737,65.0319,92.2003,1]},
{"frame":446,"values":[0.9961,0.0402,0.0782,0,-0.0759,-0.0551,0.9956,0,-0.0443,0.9977,0.0518,0,1.374,68.7477,93.0519,1]},
{"frame":447,"values":[0.9974,0.0297,0.0652,0,-0.0634,-0.0561,0.9964,0,-0.0333,0.998,0.0541,0,1.2305,72.2844,93.7786,1]},
{"frame":448,"values":[0.9982,0.0165,0.0574,0,-0.0565,-0.0528,0.997,0,-0.0195,0.9985,0.0518,0,1.0791,75.6441,94.2185,1]},
{"frame":449,"values":[0.9983,0.004,0.0583,0,-0.0581,-0.0431,0.9974,0,-0.0065,0.9991,0.0428,0,0.9142,78.9646,94.2002,1]},
{"frame":450,"values":[0.9977,-0.0071,0.0669,0,-0.0671,-0.034,0.9972,0,0.0048,0.9994,0.0344,0,0.7432,82.5578,93.6427,1]},
{"frame":451,"values":[0.9965,-0.0178,0.0818,0,-0.0823,-0.0318,0.9961,0,0.0151,0.9993,0.0332,0,0.5448,86.5919,92.6577,1]},
{"frame":452,"values":[0.9943,-0.0278,0.1032,0,-0.1042,-0.0343,0.994,0,0.0241,0.999,0.037,0,0.2789,91.0347,91.2997,1]},
{"frame":453,"values":[0.9931,-0.0348,0.1123,0,-0.1135,-0.0342,0.9929,0,0.0307,0.9988,0.0379,0,-0.0132,95.2211,90.31,1]},
{"frame":454,"values":[0.9928,-0.0372,0.1134,0,-0.1147,-0.0349,0.9928,0,0.033,0.9987,0.039,0,-0.3008,99.2583,89.5761,1]},
{"frame":455,"values":[0.9939,-0.0345,0.105,0,-0.1063,-0.0399,0.9935,0,0.0301,0.9986,0.0433,0,-0.6515,103.4736,89.2586,1]},
{"frame":456,"values":[0.996,-0.0278,0.0854,0,-0.0866,-0.0423,0.9953,0,0.024,0.9987,0.0446,0,-1.1804,108.0506,89.3727,1]},
{"frame":457,"values":[0.9983,-0.0139,0.0572,0,-0.0577,-0.0397,0.9975,0,0.0116,0.9991,0.0404,0,-1.7439,112.5871,89.8023,1]},
{"frame":458,"values":[0.9996,0.0101,0.0253,0,-0.0248,-0.0417,0.9988,0,-0.0111,0.9991,0.0414,0,-2.1214,116.8458,90.0228,1]},
{"frame":459,"values":[0.9992,0.0395,-0.0025,0,0.0045,-0.052,0.9986,0,-0.0393,0.9979,0.0521,0,-2.4219,120.9924,90.0786,1]},
{"frame":460,"values":[0.9979,0.0615,-0.0226,0,0.0262,-0.0576,0.998,0,-0.0601,0.9964,0.0591,0,-2.7998,124.9907,90.3438,1]},
{"frame":461,"values":[0.9973,0.0669,-0.0299,0,0.0334,-0.0516,0.9981,0,-0.0652,0.9964,0.0537,0,-3.1841,128.7481,90.9937,1]},
{"frame":462,"values":[0.9979,0.0586,-0.0278,0,0.0303,-0.0433,0.9986,0,-0.0573,0.9973,0.045,0,-3.4613,132.3499,91.9005,1]},
{"frame":463,"values":[0.9986,0.0464,-0.0239,0,0.026,-0.0449,0.9987,0,-0.0453,0.9979,0.046,0,-3.6541,135.8499,92.7702,1]},
{"frame":464,"values":[0.9992,0.0363,-0.0193,0,0.0213,-0.0543,0.9983,0,-0.0352,0.9979,0.055,0,-3.7797,139.2756,93.548,1]},
{"frame":465,"values":[0.9995,0.0278,-0.0144,0,0.016,-0.0581,0.9982,0,-0.027,0.9979,0.0585,0,-3.8104,142.5187,94.2107,1]},
{"frame":466,"values":[0.9997,0.0203,-0.0148,0,0.0157,-0.0492,0.9987,0,-0.0195,0.9986,0.0495,0,-3.6735,145.6334,94.4676,1]},
{"frame":481,"values":[0.9992,0.0399,-0.0053,0,0.0031,0.0567,0.9984,0,-0.0401,0.9976,-0.0565,0,0.0095,4.032,93.461,1]},
{"frame":482,"values":[0.9982,0.0594,0.0007,0,-0.0041,0.0559,0.9984,0,-0.0593,0.9967,-0.0561,0,0.1148,0.2421,93.1019,1]},
{"frame":483,"values":[0.9967,0.0815,0.0043,0,-0.0084,0.0502,0.9987,0,-0.0811,0.9954,-0.0507,0,0.3134,-3.5142,92.3715,1]},
{"frame":484,"values":[0.9946,0.1036,0.0063,0,-0.0106,0.0404,0.9991,0,-0.1033,0.9938,-0.0413,0,0.6438,-7.3115,91.3439,1]},
{"frame":485,"values":[0.9925,0.1218,0.0074,0,-0.0114,0.0319,0.9994,0,-0.1215,0.992,-0.033,0,1.0885,-11.2963,90.2979,1]},
{"frame":486,"values":[0.9911,0.1328,0.0072,0,-0.0116,0.0321,0.9994,0,-0.1325,0.9906,-0.0333,0,1.5714,-15.6582,89.6002,1]},
{"frame":487,"values":[0.9907,0.1362,0.0073,0,-0.0133,0.0438,0.999,0,-0.1358,0.9897,-0.0452,0,2.0201,-20.5205,89.4212,1]},
{"frame":488,"values":[0.9908,0.1349,0.0128,0,-0.0212,0.0612,0.9979,0,-0.1339,0.989,-0.0635,0,2.4097,-25.7997,89.6338,1]},
{"frame":489,"values":[0.9904,0.1355,0.0271,0,-0.0374,0.0737,0.9966,0,-0.1331,0.988,-0.078,0,2.757,-31.1822,90.0085,1]},
{"frame":490,"values":[0.9885,0.1439,0.046,0,-0.0571,0.0741,0.9956,0,-0.1398,0.9868,-0.0814,0,3.0828,-36.3016,90.4533,1]},
{"frame":491,"values":[0.9855,0.158,0.0624,0,-0.0733,0.0639,0.9953,0,-0.1533,0.9854,-0.0746,0,3.3773,-40.9689,90.9919,1]},
{"frame":492,"values":[0.9832,0.1675,0.0724,0,-0.0819,0.0509,0.9953,0,-0.163,0.9846,-0.0637,0,3.5972,-45.2493,91.6009,1]},
{"frame":493,"values":[0.9841,0.161,0.0752,0,-0.083,0.0422,0.9957,0,-0.1571,0.9861,-0.0548,0,3.7002,-49.335,92.171,1]},
{"frame":494,"values":[0.9881,0.1362,0.0722,0,-0.0782,0.0394,0.9962,0,-0.1328,0.9899,-0.0496,0,3.6799,-53.3603,92.5709,1]},
{"frame":495,"values":[0.9927,0.1012,0.0664,0,-0.0707,0.0395,0.9967,0,-0.0982,0.9941,-0.0463,0,3.5724,-57.345,92.6933,1]},
{"frame":496,"values":[0.9958,0.0681,0.0613,0,-0.064,0.0384,0.9972,0,-0.0656,0.9969,-0.0426,0,3.4234,-61.2788,92.4705,1]},
{"frame":497,"values":[0.9972,0.045,0.0595,0,-0.0611,0.0348,0.9975,0,-0.0428,0.9984,-0.0375,0,3.2441,-65.2075,91.8939,1]},
{"frame":498,"values":[0.9976,0.033,0.061,0,-0.062,0.0307,0.9976,0,-0.031,0.999,-0.0327,0,3.0073,-69.2347,91.0503,1]},
{"frame":499,"values":[0.9977,0.0295,0.0618,0,-0.0627,0.0306,0.9976,0,-0.0275,0.9991,-0.0324,0,2.6825,-73.4827,90.1511,1]},
{"frame":500,"values":[0.9979,0.0313,0.0572,0,-0.0584,0.039,0.9975,0,-0.029,0.9987,-0.0407,0,2.26,-78.0751,89.4595,1]},
{"frame":501,"values":[0.9983,0.0358,0.0456,0,-0.0476,0.056,0.9973,0,-0.0331,0.9978,-0.0576,0,1.753,-83.0978,89.1165,1]},
{"frame":502,"values":[0.9988,0.0398,0.0291,0,-0.032,0.0752,0.9967,0,-0.0375,0.9964,-0.0763,0,1.2059,-88.4961,89.0757,1]},
