{"producer":{"name":"Blender","version":"2.90.1","exporter_version":"6.4.5","file":"kaya.babylon"},
"autoClear":true,"clearColor":[0.0509,0.0509,0.0509],"gravity":[0,-9.81,0],
"materials":[{"name":"Material","id":"Material","customType":"BABYLON.PBRMaterial","backFaceCulling":true,"checkReadyOnlyOnce":false,"maxSimultaneousLights":4,"environmentIntensity":1,"albedo":[0.8,0.8,0.8],"reflectivity":[0.5,0.5,0.5],"roughness":0.4,"alpha":1,"transparencyMode":0,"alphaCutOff":0.4,"metallic":0}],
"multiMaterials":[],
"skeletons":[{"name":"Character","id":0,"dimensionsAtRest":[190.6842,47.9312,188.1361],"bones":[
{"name":"Hips","index":0,"matrix":[0,0,1,0,-1,0,0,0,0,1,0,0,0,1.3437,71.3983,1],"rest":[0,0,1,0,-1,0,0,0,0,1,0,0,0,2.655,71.2064,1],"parentBoneIndex":-1,"length":21.8806
,"animation":{"dataType":3,"framePerSecond":30,"keys":[
{"frame":1,"values":[0.4003,-0.304,0.8645,0,-0.8337,-0.5123,0.206,0,-0.3802,0.8032,0.4586,0,-0.1208,0.7756,55.5929,1]},
{"frame":2,"values":[0.4,-0.2015,0.8941,0,-0.7304,-0.6594,0.1781,0,-0.5537,0.7243,0.4109,0,0.433,0.5607,58.6276,1]},
{"frame":3,"values":[0.3327,-0.0753,0.94,0,-0.6069,-0.7801,0.1523,0,-0.7218,0.6212,0.3052,0,1.8602,-0.2142,62.2327,1]},
{"frame":4,"values":[0.2462,0.0493,0.968,0,-0.4906,-0.855,0.1683,0,-0.8359,0.5164,0.1863,0,3.4969,-1.4397,64.9666,1]},
{"frame":5,"values":[0.1388,0.1349,0.9811,0,-0.4363,-0.8811,0.1828,0,-0.8891,0.4534,0.0634,0,5.4829,-2.7724,67.0311,1]},
{"frame":6,"values":[0.0546,0.1688,0.9841,0,-0.4318,-0.8847,0.1757,0,-0.9003,0.4346,-0.0246,0,7.7593,-3.9767,68.2412,1]},
{"frame":7,"values":[0.0186,0.1727,0.9848,0,-0.4703,-0.8677,0.161,0,-0.8823,0.4661,-0.0651,0,9.9861,-4.9325,68.3533,1]},
{"frame":8,"values":[0.0098,0.1878,0.9821,0,-0.5387,-0.8265,0.1635,0,-0.8424,0.5307,-0.0931,0,12.0276,-5.7545,67.4265,1]},
{"frame":9,"values":[0.0193,0.1956,0.9805,0,-0.6136,-0.7719,0.166,0,-0.7893,0.6049,-0.1051,0,13.7487,-6.3567,65.3877,1]},
{"frame":10,"values":[0.0241,0.2219,0.9748,0,-0.6658,-0.7238,0.1813,0,-0.7457,0.6534,-0.1303,0,15.4361,-6.9611,63.2394,1]},
{"frame":11,"values":[0.0072,0.2479,0.9688,0,-0.6967,-0.6937,0.1826,0,-0.7173,0.6763,-0.1677,0,17.1833,-7.3044,62.2972,1]},
{"frame":12,"values":[-0.0184,0.2441,0.9696,0,-0.7493,-0.6454,0.1482,0,-0.662,0.7238,-0.1948,0,19.207,-6.7963,62.4953,1]},
{"frame":13,"values":[-0.0626,0.2315,0.9708,0,-0.8043,-0.5876,0.0882,0,-0.5909,0.7753,-0.223,0,21.647,-5.5098,64.0131,1]},
{"frame":14,"values":[-0.1317,0.2036,0.9702,0,-0.8326,-0.5539,0.0032,0,-0.538,0.8073,-0.2424,0,24.869,-3.6633,66.4744,1]},
{"frame":15,"values":[-0.183,0.2047,0.9616,0,-0.8242,-0.5651,-0.0365,0,-0.5359,0.7992,-0.2721,0,28.4996,-2.4188,68.7723,1]},
{"frame":16,"values":[-0.2243,0.2154,0.9504,0,-0.806,-0.5892,-0.0567,0,-0.5478,0.7787,-0.3057,0,32.1759,-1.6912,70.5106,1]},
{"frame":17,"values":[-0.2375,0.2547,0.9374,0,-0.8963,-0.4295,-0.1104,0,-0.3745,0.8664,-0.3303,0,34.5935,0.1555,71.2703,1]},
{"frame":18,"values":[-0.2228,0.2879,0.9314,0,-0.9667,-0.1884,-0.173,0,-0.1257,0.9389,-0.3203,0,36.5749,2.1287,71.0753,1]},
{"frame":19,"values":[-0.2162,0.3003,0.929,0,-0.9751,-0.0179,-0.2212,0,0.0498,0.9537,-0.2967,0,39.0756,3.7532,70.1404,1]},
{"frame":20,"values":[-0.2238,0.3054,0.9256,0,-0.9591,0.0998,-0.2648,0,0.1732,0.947,-0.2706,0,41.84,5.5235,68.1406,1]},
{"frame":21,"values":[-0.2439,0.3111,0.9185,0,-0.942,0.149,-0.3006,0,0.2304,0.9386,-0.2568,0,44.4217,7.8536,65.3969,1]},
{"frame":22,"values":[-0.2511,0.3088,0.9174,0,-0.9381,0.1558,-0.3092,0,0.2384,0.9383,-0.2506,0,46.9828,10.8396,62.6405,1]},
{"frame":23,"values":[-0.2249,0.3071,0.9247,0,-0.9242,0.2334,-0.3023,0,0.3086,0.9226,-0.2313,0,49.7478,14.667,60.0409,1]},
{"frame":24,"values":[-0.2382,0.2819,0.9294,0,-0.8557,0.3918,-0.3382,0,0.4595,0.8758,-0.1478,0,51.8999,18.7148,58.5482,1]},
{"frame":25,"values":[-0.2536,0.2752,0.9273,0,-0.7589,0.5378,-0.3671,0,0.5998,0.7969,-0.0725,0,53.6582,22.712,57.5054,1]},
{"frame":26,"values":[-0.2172,0.267,0.9389,0,-0.6703,0.6585,-0.3423,0,0.7096,0.7037,-0.036,0,54.3659,27.1888,57.4501,1]},
{"frame":27,"values":[-0.1622,0.2475,0.9552,0,-0.5575,0.7757,-0.2957,0,0.8142,0.5805,-0.0121,0,54.1312,32.16,58.5882,1]},
{"frame":28,"values":[-0.0934,0.2064,0.974,0,-0.3898,0.8926,-0.2265,0,0.9162,0.4008,0.0029,0,53.198,37.3429,60.6956,1]},
{"frame":29,"values":[-0.0178,0.1523,0.9882,0,-0.1866,0.9704,-0.1529,0,0.9823,0.1872,-0.0112,0,52.1504,42.7,62.7816,1]},
{"frame":30,"values":[0.0508,0.0898,0.9947,0,0.0045,0.9959,-0.0902,0,0.9987,-0.0091,-0.0502,0,51.1459,48.0239,63.9038,1]},
{"frame":31,"values":[0.0994,0.0177,0.9949,0,0.1696,0.9849,-0.0344,0,0.9805,-0.1722,-0.0949,0,50.3862,53.3655,64.0932,1]},
{"frame":32,"values":[0.1142,-0.0436,0.9925,0,0.3057,0.9521,0.0067,0,0.9453,-0.3027,-0.122,0,49.964,58.4233,63.9302,1]},
{"frame":33,"values":[0.1238,-0.0902,0.9882,0,0.4352,0.8999,0.0276,0,0.8918,-0.4267,-0.1507,0,49.7786,63.2939,62.9853,1]},
{"frame":34,"values":[0.1242,-0.1445,0.9817,0,0.5806,0.8129,0.0462,0,0.8047,-0.5642,-0.1848,0,49.6021,68.1363,61.1728,1]},
{"frame":35,"values":[0.0743,-0.202,0.9766,0,0.7334,0.6746,0.0837,0,0.6757,-0.71,-0.1983,0,49.0672,72.462,59.7601,1]},
{"frame":36,"values":[0.0917,-0.2525,0.9632,0,0.8077,0.5846,0.0764,0,0.5824,-0.771,-0.2576,0,47.7,76.1102,59.8652,1]},
{"frame":37,"values":[0.1379,-0.3195,0.9375,0,0.8432,0.5345,0.0581,0,0.5197,-0.7824,-0.3431,0,45.6745,79.4036,61.0358,1]},
{"frame":38,"values":[0.1927,-0.3933,0.899,0,0.8634,0.5034,0.0351,0,0.4663,-0.7694,-0.4366,0,43.3268,82.5375,62.5995,1]},
{"frame":39,"values":[0.246,-0.4687,0.8484,0,0.8749,0.4842,0.0138,0,0.4173,-0.7388,-0.5292,0,40.8355,85.6016,64.2916,1]},
{"frame":40,"values":[0.289,-0.5408,0.79,0,0.8833,0.4687,-0.0022,0,0.3691,-0.6984,-0.6132,0,38.4306,88.6652,65.8468,1]},
{"frame":41,"values":[0.311,-0.6076,0.7308,0,0.8945,0.447,-0.009,0,0.3211,-0.6565,-0.6825,0,36.3265,91.7519,67.0668,1]},
{"frame":42,"values":[0.3007,-0.6637,0.6849,0,0.9101,0.4145,0.0021,0,0.2853,-0.6226,-0.7287,0,35.0323,94.6891,67.4935,1]},
{"frame":43,"values":[0.2886,-0.7051,0.6477,0,0.9256,0.3785,-0.0003,0,0.2449,-0.5996,-0.7619,0,33.9531,97.2054,67.1253,1]},
{"frame":44,"values":[0.2704,-0.7551,0.5972,0,0.9383,0.3456,0.0122,0,0.2156,-0.5571,-0.802,0,33.0872,99.4597,65.6193,1]},
{"frame":45,"values":[0.2532,-0.7938,0.553,0,0.9498,0.3126,0.0137,0,0.1837,-0.5217,-0.8331,0,32.4689,101.1448,63.5538,1]},
{"frame":46,"values":[0.2499,-0.827,0.5036,0,0.9578,0.2873,-0.0035,0,0.1418,-0.4832,-0.8639,0,32.12,102.0218,61.2436,1]},
{"frame":47,"values":[0.2503,-0.8658,0.4332,0,0.9624,0.2714,-0.0135,0,0.1059,-0.4203,-0.9012,0,32.1969,102.1102,59.2192,1]},
{"frame":48,"values":[0.2472,-0.9168,0.3137,0,0.9665,0.2564,-0.0122,0,0.0692,-0.3062,-0.9494,0,32.3519,101.563,57.573,1]},
{"frame":49,"values":[0.2471,-0.9501,0.1905,0,0.9681,0.2505,-0.0063,0,0.0417,-0.186,-0.9817,0,32.387,100.2985,56.9757,1]},
{"frame":50,"values":[0.2295,-0.9717,0.0562,0,0.9731,0.2278,-0.0341,0,-0.0203,-0.0626,-0.9978,0,32.697,98.5111,58.1484,1]},
{"frame":51,"values":[0.2033,-0.9768,-0.0673,0,0.9742,0.2087,-0.0861,0,-0.0981,0.0481,-0.994,0,32.9603,96.6605,60.3565,1]},
{"frame":52,"values":[0.1752,-0.9672,-0.1838,0,0.9689,0.2025,-0.1425,0,-0.1751,0.1531,-0.9726,0,33.2825,94.7216,62.6767,1]},
{"frame":53,"values":[0.1527,-0.9435,-0.2942,0,0.955,0.2174,-0.2015,0,-0.2541,0.2502,-0.9342,0,33.7457,92.5846,65.0904,1]},
{"frame":54,"values":[0.1322,-0.9072,-0.3993,0,0.9338,0.2491,-0.2569,0,-0.3325,0.339,-0.8801,0,34.3413,90.4739,67.7799,1]},
{"frame":55,"values":[0.1078,-0.8606,-0.4978,0,0.9067,0.2904,-0.3057,0,-0.4077,0.4184,-0.8116,0,34.9974,88.3441,70.5244,1]},
{"frame":56,"values":[0.079,-0.8055,-0.5873,0,0.8749,0.3384,-0.3464,0,-0.4778,0.4865,-0.7315,0,35.623,86.2887,73.114,1]},
{"frame":57,"values":[0.0527,-0.7429,-0.6674,0,0.8353,0.399,-0.3782,0,-0.5472,0.5376,-0.6415,0,36.2886,84.3689,75.4332,1]},
{"frame":58,"values":[0.0332,-0.6804,-0.7321,0,0.7999,0.4573,-0.3887,0,-0.5992,0.5727,-0.5594,0,36.8333,82.962,77.1516,1]},
{"frame":59,"values":[0.0106,-0.6151,-0.7884,0,0.7689,0.509,-0.3869,0,-0.6393,0.6021,-0.4783,0,37.4318,81.8081,78.8498,1]},
{"frame":60,"values":[-0.0186,-0.5477,-0.8364,0,0.7467,0.5488,-0.3759,0,-0.665,0.6315,-0.3988,0,38.2473,81.0901,80.5996,1]},
{"frame":61,"values":[-0.0481,-0.4814,-0.8752,0,0.7311,0.58,-0.3592,0,-0.6806,0.6571,-0.3241,0,39.1979,80.4293,82.0496,1]},
{"frame":62,"values":[-0.0783,-0.414,-0.9069,0,0.724,0.6018,-0.3372,0,-0.6853,0.683,-0.2526,0,40.1393,79.631,82.9387,1]},
{"frame":63,"values":[-0.1118,-0.3459,-0.9316,0,0.7338,0.6034,-0.3122,0,-0.6701,0.7185,-0.1864,0,41.1433,78.729,83.0135,1]},
{"frame":64,"values":[-0.1452,-0.2766,-0.95,0,0.7518,0.5934,-0.2877,0,-0.6432,0.7559,-0.1217,0,42.3134,77.743,82.6929,1]},
{"frame":65,"values":[-0.1784,-0.2134,-0.9605,0,0.7651,0.5837,-0.2718,0,-0.6187,0.7834,-0.0591,0,43.4493,76.5665,82.1371,1]},
{"frame":66,"values":[-0.2039,-0.1529,-0.967,0,0.7654,0.591,-0.2549,0,-0.6104,0.7921,0.0035,0,44.2521,75.2528,81.6104,1]},
{"frame":67,"values":[-0.2293,-0.0919,-0.969,0,0.7555,0.6109,-0.2367,0,-0.6137,0.7864,0.0707,0,44.9217,73.9625,81.1415,1]},
{"frame":68,"values":[-0.248,-0.0419,-0.9678,0,0.7481,0.6265,-0.2189,0,-0.6155,0.7783,0.124,0,45.5206,72.8923,80.7576,1]},
{"frame":69,"values":[-0.2562,0,-0.9666,0,0.7493,0.6318,-0.1986,0,-0.6107,0.7752,0.1618,0,46.0842,72.0101,80.4485,1]},
{"frame":70,"values":[-0.2631,0.0315,-0.9643,0,0.7566,0.6269,-0.186,0,-0.5987,0.7784,0.1888,0,46.6739,71.177,80.1698,1]},
{"frame":71,"values":[-0.2689,0.0595,-0.9613,0,0.765,0.6197,-0.1756,0,-0.5853,0.7826,0.2122,0,47.2488,70.3694,79.9053,1]},
{"frame":72,"values":[-0.2722,0.083,-0.9587,0,0.7721,0.6134,-0.1661,0,-0.5743,0.7854,0.2311,0,47.75,69.6238,79.6755,1]},
{"frame":73,"values":[-0.2747,0.092,-0.9571,0,0.7787,0.6053,-0.1653,0,-0.5641,0.7907,0.2379,0,48.171,68.9936,79.4918,1]},
{"frame":74,"values":[-0.2755,0.0911,-0.957,0,0.7935,0.5835,-0.1729,0,-0.5427,0.807,0.233,0,48.6211,68.4061,79.3975,1]},
{"frame":75,"values":[-0.2778,0.0899,-0.9564,0,0.8058,0.5639,-0.181,0,-0.523,0.8209,0.2291,0,49.0179,67.7746,79.3768,1]},
{"frame":76,"values":[-0.2801,0.0908,-0.9557,0,0.8183,0.5431,-0.1883,0,-0.5019,0.8348,0.2265,0,49.3818,67.1413,79.3401,1]},
{"frame":77,"values":[-0.2847,0.0885,-0.9545,0,0.8286,0.5235,-0.1986,0,-0.4821,0.8474,0.2223,0,49.7675,66.618,79.2974,1]},
{"frame":78,"values":[-0.2904,0.0841,-0.9532,0,0.8372,0.5047,-0.2105,0,-0.4634,0.8592,0.217,0,50.1703,66.1438,79.2548,1]},
{"frame":79,"values":[-0.2974,0.079,-0.9515,0,0.8449,0.4859,-0.2238,0,-0.4446,0.8705,0.2113,0,50.5942,65.7198,79.1969,1]},
{"frame":80,"values":[-0.307,0.0739,-0.9488,0,0.8516,0.4665,-0.2392,0,-0.4249,0.8814,0.2061,0,51.048,65.3685,79.099,1]},
{"frame":81,"values":[-0.3179,0.0685,-0.9456,0,0.8571,0.4472,-0.2558,0,-0.4054,0.8918,0.2009,0,51.5269,65.0826,78.9563,1]},
{"frame":82,"values":[-0.3287,0.0626,-0.9424,0,0.8606,0.4309,-0.2715,0,-0.389,0.9002,0.1955,0,52.0652,64.8642,78.7433,1]},
{"frame":83,"values":[-0.3397,0.0512,-0.9392,0,0.861,0.4188,-0.2886,0,-0.3785,0.9066,0.1863,0,52.6782,64.7073,78.4609,1]},
{"frame":84,"values":[-0.3508,0.0474,-0.9352,0,0.8621,0.4062,-0.3028,0,-0.3656,0.9125,0.1834,0,53.3923,64.5948,78.1877,1]},
{"frame":85,"values":[-0.3693,0.0393,-0.9285,0,0.8598,0.3937,-0.3253,0,-0.3527,0.9184,0.1792,0,54.1403,64.5757,77.7957,1]},
{"frame":86,"values":[-0.3927,0.0297,-0.9192,0,0.8537,0.3834,-0.3523,0,-0.342,0.9231,0.1759,0,54.9319,64.6218,77.304,1]},
{"frame":87,"values":[-0.4178,0.0203,-0.9083,0,0.8459,0.3735,-0.3808,0,-0.3315,0.9274,0.1732,0,55.7448,64.7428,76.784,1]},
{"frame":88,"values":[-0.4461,0.0071,-0.895,0,0.8357,0.3612,-0.4137,0,-0.3204,0.9325,0.167,0,56.5757,65.0319,76.2759,1]},
{"frame":89,"values":[-0.4736,-0.0185,-0.8805,0,0.8222,0.349,-0.4496,0,-0.3156,0.9369,0.1501,0,57.3185,65.5288,75.8959,1]},
{"frame":90,"values":[-0.4989,-0.0536,-0.865,0,0.808,0.3321,-0.4867,0,-0.3134,0.9417,0.1224,0,57.8682,66.1105,75.687,1]},
{"frame":91,"values":[-0.5259,-0.0906,-0.8457,0,0.7962,0.2971,-0.527,0,-0.299,0.9505,0.0841,0,58.147,66.6852,75.7131,1]},
{"frame":92,"values":[-0.55,-0.1315,-0.8248,0,0.7894,0.2408,-0.5647,0,-0.2729,0.9616,0.0286,0,58.1345,67.197,75.9148,1]},
{"frame":93,"values":[-0.5713,-0.1848,-0.7996,0,0.7865,0.1551,-0.5978,0,-0.2345,0.9704,-0.0567,0,57.7503,67.5481,76.2705,1]},
{"frame":94,"values":[-0.5989,-0.2455,-0.7623,0,0.7778,0.0482,-0.6266,0,-0.1906,0.9682,-0.162,0,56.9979,67.632,76.6315,1]},
{"frame":95,"values":[-0.6407,-0.295,-0.7089,0,0.7545,-0.0708,-0.6524,0,-0.1422,0.9529,-0.268,0,56.3269,67.5477,77.1048,1]},
{"frame":96,"values":[-0.6817,-0.322,-0.6569,0,0.7265,-0.1923,-0.6597,0,-0.0861,0.927,-0.365,0,55.8835,67.4042,77.4605,1]},
{"frame":97,"values":[-0.7053,-0.3378,-0.6233,0,0.708,-0.2914,-0.6432,0,-0.0356,0.895,-0.4447,0,55.7386,67.2523,77.4508,1]},
{"frame":98,"values":[-0.7313,-0.3572,-0.581,0,0.6811,-0.3361,-0.6505,0,-0.0371,0.8715,-0.4891,0,56.7993,67.439,76.8591,1]},
{"frame":99,"values":[-0.7602,-0.3771,-0.5291,0,0.6469,-0.3637,-0.6702,0,-0.0603,0.8518,-0.5204,0,58.3759,67.7633,75.9991,1]},
{"frame":100,"values":[-0.7948,-0.3988,-0.4574,0,0.5992,-0.397,-0.6952,0,-0.0957,0.8266,-0.5545,0,60.2619,68.0779,74.6096,1]},
{"frame":101,"values":[-0.835,-0.4237,-0.351,0,0.5292,-0.4435,-0.7234,0,-0.1508,0.7898,-0.5945,0,62.5144,68.3561,72.2499,1]},
{"frame":102,"values":[-0.8603,-0.4726,-0.1912,0,0.4378,-0.4927,-0.752,0,-0.2612,0.7307,-0.6308,0,64.7688,68.7546,68.792,1]},
{"frame":103,"values":[-0.8665,-0.4985,-0.0249,0,0.3403,-0.5537,-0.76,0,-0.3651,0.667,-0.6495,0,66.8316,68.9208,64.8142,1]},
{"frame":104,"values":[-0.8452,-0.5191,0.1276,0,0.2792,-0.6322,-0.7228,0,-0.4558,0.5752,-0.6792,0,68.093,68.5845,62.9375,1]},
{"frame":105,"values":[-0.8001,-0.5315,0.2781,0,0.2461,-0.7137,-0.6558,0,-0.5471,0.4562,-0.7018,0,68.978,68.1597,61.9115,1]},
{"frame":106,"values":[-0.7317,-0.5334,0.4244,0,0.2526,-0.7905,-0.558,0,-0.6332,0.3011,-0.7131,0,69.4957,67.7694,61.524,1]},
{"frame":107,"values":[-0.6504,-0.5218,0.552,0,0.3105,-0.8459,-0.4337,0,-0.6932,0.1107,-0.7122,0,69.2285,67.0667,62.1703,1]},
{"frame":108,"values":[-0.5798,-0.4956,0.6466,0,0.3903,-0.8657,-0.3135,0,-0.7152,-0.0706,-0.6954,0,68.1615,65.7717,63.6279,1]},
{"frame":109,"values":[-0.5031,-0.4877,0.7135,0,0.4909,-0.8407,-0.2286,0,-0.7113,-0.2352,-0.6623,0,66.5595,64.2285,65.6881,1]},
{"frame":110,"values":[-0.4199,-0.4714,0.7756,0,0.5979,-0.7866,-0.1544,0,-0.6828,-0.3989,-0.6121,0,64.626,62.4622,67.6578,1]},
{"frame":111,"values":[-0.3479,-0.4429,0.8263,0,0.6873,-0.7199,-0.0966,0,-0.6377,-0.5343,-0.5549,0,62.3446,60.5831,68.9857,1]},
{"frame":112,"values":[-0.2761,-0.3917,0.8777,0,0.7617,-0.6461,-0.0487,0,-0.5862,-0.6551,-0.4767,0,60.1521,58.3221,69.6587,1]},
{"frame":113,"values":[-0.2061,-0.3155,0.9263,0,0.8362,-0.5485,-0.0008,0,-0.5083,-0.7743,-0.3769,0,57.9145,55.7061,69.7544,1]},
{"frame":114,"values":[-0.1408,-0.2089,0.9677,0,0.8922,-0.4504,0.0326,0,-0.4291,-0.868,-0.2498,0,55.704,52.8785,69.584,1]},
{"frame":115,"values":[-0.0906,-0.1473,0.9849,0,0.9334,-0.3573,0.0324,0,-0.3471,-0.9223,-0.1699,0,53.4657,50.2695,68.4999,1]},
{"frame":116,"values":[-0.0366,-0.0603,0.9975,0,0.9718,-0.2348,0.0214,0,-0.2329,-0.9702,-0.0672,0,51.2647,47.3546,66.7368,1]},
{"frame":117,"values":[0.0099,-0.0042,0.9999,0,0.9948,-0.1017,-0.0103,0,-0.1018,-0.9948,-0.0031,0,49.1189,44.7292,64.6159,1]},
{"frame":118,"values":[0.0574,0.0453,0.9973,0,0.9978,0.0314,-0.0588,0,0.034,-0.9985,0.0434,0,46.9503,42.5902,62.6815,1]},
{"frame":119,"values":[0.0992,0.0973,0.9903,0,0.9804,0.1609,-0.114,0,0.1704,-0.9822,0.0794,0,44.7722,40.6334,60.87,1]},
{"frame":120,"values":[0.1282,0.1463,0.9809,0,0.9423,0.2906,-0.1665,0,0.3094,-0.9456,0.1006,0,42.6065,39.0141,59.4292,1]},
{"frame":121,"values":[0.1326,0.1657,0.9772,0,0.8775,0.4389,-0.1935,0,0.4609,-0.8831,0.0872,0,40.3729,38.502,59.2955,1]},
{"frame":122,"values":[0.1155,0.1594,0.9804,0,0.769,0.6104,-0.1898,0,0.6287,-0.7759,0.0521,0,37.9465,38.7829,60.7267,1]},
{"frame":123,"values":[0.0841,0.1113,0.9902,0,0.6226,0.77,-0.1394,0,0.778,-0.6282,0.0045,0,35.1611,39.9946,63.0817,1]},
{"frame":124,"values":[0.0583,0.0833,0.9948,0,0.414,0.9047,-0.1001,0,0.9084,-0.4177,-0.0182,0,32.4859,41.56,65.6454,1]},
{"frame":125,"values":[0.0746,0.0637,0.9952,0,0.212,0.9741,-0.0782,0,0.9744,-0.2168,-0.0592,0,30.0292,43.1172,67.6362,1]},
{"frame":126,"values":[0.1245,0.0912,0.988,0,0.0605,0.9932,-0.0993,0,0.9904,-0.0722,-0.1182,0,27.4181,44.5173,68.8806,1]},
{"frame":127,"values":[0.1357,0.1234,0.983,0,-0.1156,0.9874,-0.1079,0,0.984,0.099,-0.1482,0,24.8131,45.8835,69.4609,1]},
{"frame":128,"values":[0.1476,0.1276,0.9808,0,-0.3246,0.943,-0.0738,0,0.9343,0.3074,-0.1805,0,22.3357,47.3105,69.1716,1]},
{"frame":129,"values":[0.1666,0.12,0.9787,0,-0.4974,0.8672,-0.0216,0,0.8514,0.4832,-0.2041,0,20.1411,48.6616,68.0296,1]},
{"frame":130,"values":[0.177,0.1106,0.978,0,-0.6428,0.7654,0.0298,0,0.7453,0.634,-0.2066,0,18.2705,50.3015,65.7639,1]},
{"frame":131,"values":[0.1868,0.0832,0.9789,0,-0.764,0.6387,0.0915,0,0.6175,0.765,-0.1829,0,16.6538,52.1203,63.3526,1]},
{"frame":132,"values":[0.2,0.057,0.9781,0,-0.8555,0.4968,0.146,0,0.4776,0.866,-0.1482,0,15.2653,54.0851,61.6466,1]},
{"frame":133,"values":[0.2071,0.0458,0.9773,0,-0.9197,0.3496,0.1785,0,0.3335,0.9358,-0.1145,0,14.2488,56.0796,61.1682,1]},
{"frame":134,"values":[0.2106,0.0345,0.977,0,-0.956,0.2162,0.1985,0,0.2044,0.9757,-0.0785,0,13.3223,58.4091,61.7737,1]},
{"frame":135,"values":[0.1965,0.0278,0.9801,0,-0.9782,0.0738,0.1941,0,0.0669,0.9969,-0.0417,0,12.3606,60.8614,63.2217,1]},
{"frame":136,"values":[0.1786,0.0097,0.9839,0,-0.9818,-0.064,0.1788,0,-0.0647,0.9979,0.0019,0,11.5079,63.3775,65.1617,1]},
{"frame":137,"values":[0.1827,-0.0302,0.9827,0,-0.9686,-0.1767,0.1747,0,-0.1684,0.9838,0.0616,0,10.8753,65.9702,66.8214,1]},
{"frame":138,"values":[0.2027,-0.0622,0.9773,0,-0.9464,-0.2686,0.1792,0,-0.2513,0.9612,0.1133,0,10.179,68.6578,67.8645,1]},
{"frame":139,"values":[0.2267,-0.0921,0.9696,0,-0.9228,-0.3387,0.1836,0,-0.3115,0.9364,0.1618,0,9.374,71.1401,68.2181,1]},
{"frame":140,"values":[0.2565,-0.1354,0.957,0,-0.8991,-0.3967,0.1848,0,-0.3547,0.9079,0.2235,0,8.4117,73.7912,68.015,1]},
{"frame":141,"values":[0.2826,-0.1658,0.9448,0,-0.8726,-0.4535,0.1814,0,-0.3984,0.8757,0.2728,0,7.5122,76.4928,66.9219,1]},
{"frame":142,"values":[0.3062,-0.1856,0.9337,0,-0.8463,-0.5021,0.1778,0,-0.4359,0.8446,0.3108,0,6.5877,79.0238,64.6583,1]},
{"frame":143,"values":[0.3366,-0.2069,0.9186,0,-0.822,-0.5405,0.1794,0,-0.4594,0.8155,0.3521,0,5.6506,81.3034,62.0539,1]},
{"frame":144,"values":[0.3715,-0.2307,0.8993,0,-0.801,-0.5694,0.1848,0,-0.4695,0.789,0.3963,0,4.7324,83.4225,59.328,1]},
{"frame":145,"values":[0.3887,-0.2674,0.8817,0,-0.801,-0.571,0.1799,0,-0.4554,0.7762,0.4361,0,4.1481,84.8976,56.8941,1]},
{"frame":146,"values":[0.3977,-0.2741,0.8756,0,-0.794,-0.5811,0.1787,0,-0.4598,0.7663,0.4487,0,3.8013,85.5514,55.502,1]},
{"frame":147,"values":[0.4267,-0.2658,0.8645,0,-0.7829,-0.587,0.206,0,-0.4527,0.7647,0.4586,0,4.1304,85.1859,55.5928,1]},
{"frame":161,"values":[0.0512,-0.0582,0.997,0,-0.7301,-0.6833,-0.0024,0,-0.6814,0.7278,0.0775,0,-0.9893,0.9293,66.5425,1]},
{"frame":163,"values":[0.0515,-0.0565,0.9971,0,-0.7322,-0.6811,-0.0008,0,-0.6791,0.73,0.0765,0,-0.9753,0.918,66.5185,1]},
{"frame":164,"values":[0.052,-0.0517,0.9973,0,-0.7352,-0.6778,0.0032,0,-0.6759,0.7334,0.0733,0,-0.9233,0.9086,66.4491,1]},
{"frame":165,"values":[0.0524,-0.0456,0.9976,0,-0.7373,-0.6755,0.0079,0,-0.6736,0.7359,0.0691,0,-0.827,0.9364,66.356,1]},
{"frame":166,"values":[0.0526,-0.0381,0.9979,0,-0.7399,-0.6726,0.0133,0,-0.6707,0.739,0.0636,0,-0.6785,1.0307,66.2396,1]},
{"frame":167,"values":[0.0519,-0.0292,0.9982,0,-0.7431,-0.6689,0.0191,0,-0.6671,0.7428,0.0564,0,-0.5069,1.2233,66.1215,1]},
{"frame":168,"values":[0.0499,-0.0199,0.9986,0,-0.7461,-0.6654,0.0241,0,-0.664,0.7462,0.048,0,-0.3191,1.5175,66.0177,1]},
{"frame":169,"values":[0.0467,-0.0095,0.9989,0,-0.749,-0.662,0.0287,0,-0.6609,0.7495,0.038,0,-0.0918,1.9371,65.9372,1]},
{"frame":170,"values":[0.0424,0.0015,0.9991,0,-0.7511,-0.6594,0.0329,0,-0.6589,0.7518,0.0268,0,0.1922,2.467,65.8736,1]},
{"frame":171,"values":[0.0376,0.0132,0.9992,0,-0.7522,-0.6578,0.037,0,-0.6578,0.753,0.0148,0,0.5286,3.0947,65.8215,1]},
{"frame":172,"values":[0.0327,0.0274,0.9991,0,-0.7495,-0.6606,0.0427,0,-0.6612,0.7502,0.0011,0,0.9342,3.8208,65.8253,1]},
{"frame":173,"values":[0.0283,0.0411,0.9988,0,-0.7427,-0.6679,0.0485,0,-0.6691,0.7431,-0.0117,0,1.3812,4.6692,65.9171,1]},
{"frame":174,"values":[0.0244,0.0552,0.9982,0,-0.738,-0.6726,0.0553,0,-0.6744,0.738,-0.0243,0,1.8452,5.6019,66.0771,1]},
{"frame":175,"values":[0.0168,0.0768,0.9969,0,-0.7271,-0.6834,0.0649,0,-0.6863,0.726,-0.0443,0,2.3555,6.5429,66.3315,1]},
{"frame":176,"values":[0.0117,0.0965,0.9953,0,-0.7139,-0.6961,0.0759,0,-0.7002,0.7114,-0.0607,0,2.8707,7.471,66.6392,1]},
{"frame":177,"values":[0.01,0.112,0.9937,0,-0.6976,-0.7111,0.0872,0,-0.7164,0.6941,-0.071,0,3.3279,8.35,66.9676,1]},
{"frame":178,"values":[0.0097,0.1279,0.9917,0,-0.6829,-0.7237,0.1,0,-0.7305,0.6782,-0.0803,0,3.7351,9.1371,67.2845,1]},
{"frame":179,"values":[0.0114,0.1426,0.9897,0,-0.6722,-0.7316,0.1132,0,-0.7402,0.6666,-0.0875,0,4.0824,9.8792,67.6028,1]},
{"frame":180,"values":[0.0133,0.1546,0.9879,0,-0.6606,-0.7403,0.1247,0,-0.7506,0.6543,-0.0923,0,4.371,10.5497,67.8923,1]},
{"frame":181,"values":[0.0164,0.1622,0.9866,0,-0.6492,-0.7488,0.1338,0,-0.7605,0.6427,-0.093,0,4.5614,11.1757,68.1109,1]},
{"frame":182,"values":[0.018,0.1682,0.9856,0,-0.6391,-0.7561,0.1408,0,-0.7689,0.6324,-0.0939,0,4.6571,11.719,68.217,1]},
{"frame":183,"values":[0.0193,0.1734,0.9847,0,-0.6305,-0.7622,0.1466,0,-0.7759,0.6237,-0.0947,0,4.676,12.1495,68.2135,1]},
{"frame":184,"values":[0.0169,0.178,0.9839,0,-0.6209,-0.7695,0.1499,0,-0.7837,0.6134,-0.0975,0,4.679,12.5111,68.1398,1]},
{"frame":185,"values":[0.0147,0.1839,0.9828,0,-0.6122,-0.7755,0.1543,0,-0.7906,0.6039,-0.1012,0,4.6842,12.9329,68.1473,1]},
{"frame":186,"values":[0.014,0.1881,0.982,0,-0.6055,-0.78,0.1581,0,-0.7957,0.5969,-0.103,0,4.6772,13.3802,68.2075,1]},
{"frame":187,"values":[0.0116,0.1882,0.9821,0,-0.6004,-0.7841,0.1574,0,-0.7996,0.5914,-0.1039,0,4.6352,13.7559,68.1675,1]},
{"frame":188,"values":[0.0087,0.1857,0.9826,0,-0.5983,-0.7864,0.1539,0,-0.8012,0.5892,-0.1042,0,4.5305,14.0429,67.972,1]},
{"frame":189,"values":[0.011,0.1877,0.9822,0,-0.5983,-0.7858,0.1568,0,-0.8012,0.5893,-0.1037,0,4.4097,14.4038,67.9734,1]},
{"frame":190,"values":[0.0119,0.1892,0.9819,0,-0.5948,-0.788,0.1591,0,-0.8038,0.5859,-0.1031,0,4.3719,14.7921,67.9913,1]},
{"frame":191,"values":[0.0135,0.1915,0.9814,0,-0.5855,-0.7941,0.163,0,-0.8106,0.5768,-0.1014,0,4.3161,15.2296,68.0645,1]},
{"frame":192,"values":[0.0117,0.195,0.9807,0,-0.5726,-0.8027,0.1665,0,-0.8197,0.5636,-0.1023,0,4.363,15.6926,68.1515,1]},
{"frame":193,"values":[0.0075,0.2011,0.9795,0,-0.5539,-0.8147,0.1715,0,-0.8326,0.5438,-0.1053,0,4.5161,16.2417,68.3589,1]},
{"frame":194,"values":[0.0009,0.2089,0.9779,0,-0.5283,-0.8302,0.1779,0,-0.8491,0.5168,-0.1096,0,4.7461,16.7498,68.6165,1]},
{"frame":195,"values":[-0.0048,0.2137,0.9769,0,-0.5016,-0.8456,0.1825,0,-0.8651,0.4891,-0.1112,0,5.0136,17.1165,68.8823,1]},
{"frame":196,"values":[-0.0073,0.2175,0.976,0,-0.4841,-0.8548,0.1869,0,-0.875,0.4711,-0.1115,0,5.2621,17.3662,69.1871,1]},
{"frame":197,"values":[-0.0088,0.2193,0.9756,0,-0.4839,-0.8547,0.1877,0,-0.8751,0.4705,-0.1136,0,5.4048,17.473,69.3574,1]},
{"frame":198,"values":[-0.0118,0.2165,0.9762,0,-0.4909,-0.8518,0.183,0,-0.8712,0.477,-0.1163,0,5.4745,17.4525,69.3043,1]},
{"frame":199,"values":[-0.0154,0.2095,0.9777,0,-0.496,-0.8506,0.1745,0,-0.8682,0.4823,-0.117,0,5.4873,17.3713,69.0653,1]},
{"frame":200,"values":[-0.0181,0.2023,0.9792,0,-0.4983,-0.8508,0.1666,0,-0.8668,0.4849,-0.1162,0,5.4466,17.3408,68.8194,1]},
{"frame":201,"values":[-0.0156,0.2031,0.979,0,-0.4964,-0.8515,0.1688,0,-0.868,0.4833,-0.1141,0,5.4103,17.4781,68.8673,1]},
{"frame":202,"values":[-0.0158,0.2045,0.9787,0,-0.4899,-0.8549,0.1708,0,-0.8716,0.4768,-0.1137,0,5.434,17.6068,68.9303,1]},
{"frame":203,"values":[-0.0183,0.2082,0.9779,0,-0.4794,-0.8602,0.1741,0,-0.8774,0.4656,-0.1155,0,5.4791,17.6669,69.0521,1]},
{"frame":204,"values":[-0.0192,0.2134,0.9768,0,-0.4709,-0.8637,0.1794,0,-0.882,0.4565,-0.117,0,5.5057,17.6404,69.2426,1]},
{"frame":205,"values":[-0.018,0.2178,0.9758,0,-0.4685,-0.864,0.1842,0,-0.8833,0.4539,-0.1176,0,5.4904,17.5186,69.4417,1]},
{"frame":206,"values":[-0.0197,0.2203,0.9752,0,-0.4688,-0.8636,0.1856,0,-0.8831,0.4535,-0.1203,0,5.4688,17.2974,69.5624,1]},
{"frame":207,"values":[-0.0224,0.2218,0.9748,0,-0.4684,-0.8638,0.1857,0,-0.8832,0.4525,-0.1232,0,5.4459,17.0236,69.6588,1]},
{"frame":208,"values":[-0.0255,0.2223,0.9747,0,-0.4692,-0.8636,0.1846,0,-0.8827,0.4526,-0.1263,0,5.4099,16.6798,69.7461,1]},
{"frame":209,"values":[-0.0289,0.2214,0.9748,0,-0.4704,-0.8635,0.1821,0,-0.882,0.4532,-0.1291,0,5.3526,16.2644,69.7819,1]},
{"frame":210,"values":[-0.0326,0.2194,0.9751,0,-0.4719,-0.8634,0.1785,0,-0.8811,0.4543,-0.1316,0,5.2622,15.83,69.7754,1]},
{"frame":211,"values":[-0.0364,0.2162,0.9757,0,-0.474,-0.8632,0.1736,0,-0.8797,0.4562,-0.1339,0,5.1328,15.3613,69.7285,1]},
{"frame":212,"values":[-0.0404,0.2111,0.9766,0,-0.4766,-0.8631,0.1668,0,-0.8782,0.4587,-0.1355,0,4.9524,14.8434,69.6771,1]},
{"frame":213,"values":[-0.0458,0.2066,0.9774,0,-0.4808,-0.8622,0.1597,0,-0.8756,0.4626,-0.1388,0,4.7475,14.2673,69.6359,1]},
{"frame":214,"values":[-0.0508,0.2032,0.9778,0,-0.4881,-0.8593,0.1532,0,-0.8713,0.4695,-0.1428,0,4.516,13.6388,69.6053,1]},
{"frame":215,"values":[-0.0552,0.1998,0.9783,0,-0.4975,-0.855,0.1466,0,-0.8657,0.4786,-0.1465,0,4.2764,12.9582,69.5399,1]},
{"frame":216,"values":[-0.0588,0.1968,0.9787,0,-0.5072,-0.8503,0.1405,0,-0.8598,0.4882,-0.1498,0,4.0239,12.2484,69.4552,1]},
{"frame":217,"values":[-0.0631,0.1916,0.9794,0,-0.5171,-0.8456,0.1322,0,-0.8536,0.4982,-0.1524,0,3.7279,11.4496,69.3173,1]},
{"frame":218,"values":[-0.0683,0.1836,0.9806,0,-0.5284,-0.8404,0.1205,0,-0.8462,0.51,-0.1544,0,3.378,10.5794,69.1395,1]},
{"frame":219,"values":[-0.0732,0.1732,0.9822,0,-0.5411,-0.8342,0.1068,0,-0.8378,0.5236,-0.1548,0,2.9807,9.629,68.8995,1]},
{"frame":220,"values":[-0.0756,0.1602,0.9842,0,-0.5571,-0.8254,0.0916,0,-0.827,0.5414,-0.1516,0,2.492,8.5667,68.5972,1]},
{"frame":221,"values":[-0.0753,0.145,0.9866,0,-0.5775,-0.8129,0.0754,0,-0.8129,0.564,-0.1449,0,1.9307,7.4832,68.2698,1]},
{"frame":222,"values":[-0.0725,0.1307,0.9888,0,-0.6007,-0.7971,0.0613,0,-0.7962,0.5895,-0.1363,0,1.3131,6.4411,67.9711,1]},
{"frame":223,"values":[-0.0696,0.1185,0.9905,0,-0.6226,-0.781,0.0496,0,-0.7794,0.6132,-0.1282,0,0.6923,5.4314,67.7216,1]},
{"frame":224,"values":[-0.0692,0.106,0.992,0,-0.636,-0.7708,0.038,0,-0.7686,0.6282,-0.1208,0,0.1424,4.4783,67.5349,1]},
{"frame":225,"values":[-0.0692,0.0925,0.9933,0,-0.6417,-0.7665,0.0267,0,-0.7638,0.6356,-0.1124,0,-0.349,3.6575,67.4718,1]},
{"frame":226,"values":[-0.069,0.0794,0.9944,0,-0.644,-0.7649,0.0164,0,-0.7619,0.6393,-0.1039,0,-0.7871,2.94,67.507,1]},
{"frame":227,"values":[-0.0677,0.0637,0.9957,0,-0.6454,-0.7638,0.005,0,-0.7608,0.6423,-0.0928,0,-1.202,2.3845,67.6439,1]},
{"frame":228,"values":[-0.0681,0.05,0.9964,0,-0.648,-0.7616,-0.006,0,-0.7586,0.6461,-0.0843,0,-1.5724,1.939,67.8017,1]},
{"frame":229,"values":[-0.0666,0.0361,0.9971,0,-0.6499,-0.7599,-0.0159,0,-0.7571,0.6491,-0.074,0,-1.907,1.5977,67.9448,1]},
{"frame":230,"values":[-0.0643,0.0219,0.9977,0,-0.6549,-0.7553,-0.0256,0,-0.753,0.6551,-0.0629,0,-2.2029,1.3626,68.0512,1]},
{"frame":231,"values":[-0.0635,0.0103,0.9979,0,-0.6589,-0.7514,-0.0341,0,-0.7495,0.6597,-0.0545,0,-2.429,1.2211,68.129,1]},
{"frame":232,"values":[-0.0619,0.0003,0.9981,0,-0.6641,-0.7465,-0.041,0,-0.745,0.6654,-0.0464,0,-2.6245,1.1323,68.1599,1]},
{"frame":233,"values":[-0.0586,-0.0081,0.9982,0,-0.67,-0.741,-0.0454,0,-0.7401,0.6714,-0.038,0,-2.7864,1.1017,68.1531,1]},
{"frame":234,"values":[-0.0556,-0.0145,0.9983,0,-0.674,-0.7372,-0.0482,0,-0.7366,0.6756,-0.0313,0,-2.8816,1.1177,68.1145,1]},
{"frame":235,"values":[-0.0518,-0.0181,0.9985,0,-0.677,-0.7344,-0.0484,0,-0.7342,0.6784,-0.0258,0,-2.9147,1.1695,68.0473,1]},
{"frame":236,"values":[-0.0475,-0.0215,0.9986,0,-0.68,-0.7316,-0.0481,0,-0.7317,0.6814,-0.0202,0,-2.9362,1.252,67.9358,1]},
{"frame":237,"values":[-0.0429,-0.0246,0.9988,0,-0.6831,-0.7288,-0.0473,0,-0.7291,0.6843,-0.0144,0,-2.9924,1.3473,67.7485,1]},
{"frame":238,"values":[-0.0379,-0.0276,0.9989,0,-0.6863,-0.7259,-0.0461,0,-0.7264,0.6873,-0.0086,0,-3.0375,1.4629,67.4393,1]},
{"frame":239,"values":[-0.0327,-0.0304,0.999,0,-0.6894,-0.723,-0.0446,0,-0.7236,0.6902,-0.0027,0,-3.0642,1.6037,67.0275,1]},
{"frame":240,"values":[-0.0273,-0.033,0.9991,0,-0.6926,-0.72,-0.0428,0,-0.7208,0.6932,0.0032,0,-3.0241,1.7397,66.5956,1]},
{"frame":241,"values":[-0.0218,-0.0355,0.9991,0,-0.6958,-0.7171,-0.0407,0,-0.7179,0.6961,0.0091,0,-2.9411,1.8699,66.2805,1]},
{"frame":242,"values":[-0.0161,-0.0382,0.9991,0,-0.6989,-0.7142,-0.0385,0,-0.7151,0.6989,0.0152,0,-2.8494,1.9626,65.9931,1]},
{"frame":243,"values":[-0.0104,-0.0405,0.9991,0,-0.7019,-0.7114,-0.0361,0,-0.7122,0.7017,0.021,0,-2.7165,2.0102,65.8236,1]},
{"frame":244,"values":[-0.0047,-0.0426,0.9991,0,-0.7049,-0.7085,-0.0335,0,-0.7093,0.7044,0.0267,0,-2.5724,2.0959,65.8548,1]},
{"frame":245,"values":[0.001,-0.0446,0.999,0,-0.7077,-0.7058,-0.0308,0,-0.7065,0.707,0.0323,0,-2.4523,2.087,66.0546,1]},
{"frame":246,"values":[0.0066,-0.0465,0.9989,0,-0.7105,-0.7031,-0.028,0,-0.7037,0.7095,0.0377,0,-2.244,2.0812,66.3556,1]},
{"frame":247,"values":[0.0121,-0.0482,0.9988,0,-0.7131,-0.7006,-0.0252,0,-0.7009,0.712,0.0429,0,-2.0394,2.043,66.6182,1]},
{"frame":248,"values":[0.0174,-0.0498,0.9986,0,-0.7157,-0.6981,-0.0223,0,-0.6982,0.7143,0.0478,0,-1.8962,1.9947,66.7214,1]},
{"frame":249,"values":[0.0225,-0.0512,0.9984,0,-0.718,-0.6958,-0.0195,0,-0.6957,0.7164,0.0525,0,-1.7773,1.9916,66.7683,1]},
{"frame":250,"values":[0.0274,-0.0525,0.9982,0,-0.7202,-0.6936,-0.0168,0,-0.6933,0.7184,0.0568,0,-1.6515,1.9387,66.7862,1]},
{"frame":251,"values":[0.0319,-0.0537,0.998,0,-0.7221,-0.6916,-0.0142,0,-0.691,0.7203,0.0609,0,-1.5466,1.8318,66.7955,1]},
{"frame":252,"values":[0.036,-0.0548,0.9978,0,-0.7239,-0.6898,-0.0117,0,-0.6889,0.7219,0.0645,0,-1.4481,1.7453,66.7901,1]},
{"frame":253,"values":[0.0398,-0.0557,0.9977,0,-0.7255,-0.6881,-0.0095,0,-0.6871,0.7234,0.0678,0,-1.3251,1.5954,66.7745,1]},
{"frame":254,"values":[0.0431,-0.0565,0.9975,0,-0.7269,-0.6867,-0.0075,0,-0.6854,0.7247,0.0706,0,-1.2113,1.4126,66.7498,1]},
{"frame":255,"values":[0.0459,-0.0571,0.9973,0,-0.728,-0.6855,-0.0058,0,-0.684,0.7258,0.073,0,-1.1328,1.2755,66.7176,1]},
{"frame":256,"values":[0.0481,-0.0576,0.9972,0,-0.7289,-0.6846,-0.0044,0,-0.6829,0.7267,0.0749,0,-1.0848,1.1525,66.679,1]},
{"frame":257,"values":[0.0498,-0.0579,0.9971,0,-0.7296,-0.6839,-0.0033,0,-0.6821,0.7273,0.0764,0,-1.049,1.0661,66.6362,1]},
{"frame":258,"values":[0.0509,-0.0582,0.997,0,-0.73,-0.6834,-0.0026,0,-0.6815,0.7277,0.0772,0,-1.0182,0.994,66.5903,1]},
{"frame":259,"values":[0.0512,-0.0582,0.997,0,-0.7301,-0.6833,-0.0024,0,-0.6814,0.7278,0.0775,0,-0.9893,0.9294,66.5425,1]},
{"frame":271,"values":[0,0,1,0,-1,0,0,0,0,1,0,0,0,1.3437,71.3983,1]},
{"frame":272,"values":[0,0,1,0,-1,0,0,0,0,1,0,0,0,1.3437,71.3983,1]},
{"frame":281,"values":[0.0614,-0.0589,0.9964,0,-0.9924,-0.11,0.0546,0,-0.1064,0.9922,0.0652,0,-0.204,1.2894,70.9154,1]},
{"frame":282,"values":[0.0525,-0.0495,0.9974,0,-0.9979,-0.0418,0.0504,0,-0.0392,0.9979,0.0516,0,-0.2427,0.748,70.8059,1]},
{"frame":283,"values":[0.0471,-0.0435,0.9979,0,-0.9983,0.0325,0.0485,0,0.0346,0.9985,0.0419,0,-0.3917,0.1805,70.6537,1]},
{"frame":284,"values":[0.0408,-0.0408,0.9983,0,-0.9934,0.1057,0.0449,0,0.1074,0.9936,0.0362,0,-0.669,-0.4719,70.6219,1]},
{"frame":285,"values":[0.0324,-0.0402,0.9987,0,-0.9844,0.1718,0.0389,0,0.1732,0.9843,0.034,0,-1.0677,-1.1658,70.7449,1]},
{"frame":286,"values":[0.0256,-0.0417,0.9988,0,-0.9728,0.2291,0.0345,0,0.2303,0.9725,0.0347,0,-1.5203,-1.8433,70.8433,1]},
{"frame":287,"values":[0.0244,-0.0455,0.9987,0,-0.96,0.2775,0.0361,0,0.2788,0.9596,0.0369,0,-1.9563,-2.4774,70.8038,1]},
{"frame":288,"values":[0.0269,-0.0505,0.9984,0,-0.9464,0.3203,0.0417,0,0.3219,0.946,0.0392,0,-2.3349,-3.0868,70.6834,1]},
{"frame":289,"values":[0.0297,-0.0561,0.998,0,-0.9304,0.3634,0.0481,0,0.3654,0.9299,0.0414,0,-2.6436,-3.6882,70.5402,1]},
{"frame":290,"values":[0.0306,-0.0639,0.9975,0,-0.9118,0.4071,0.054,0,0.4096,0.9111,0.0458,0,-2.8618,-4.2601,70.4209,1]},
{"frame":291,"values":[0.0283,-0.0733,0.9969,0,-0.8931,0.4462,0.0581,0,0.4491,0.8919,0.0528,0,-2.9507,-4.7872,70.3869,1]},
{"frame":292,"values":[0.0232,-0.0817,0.9964,0,-0.8764,0.4779,0.0596,0,0.4811,0.8746,0.0605,0,-2.8616,-5.3098,70.4181,1]},
{"frame":293,"values":[0.0157,-0.0873,0.9961,0,-0.8602,0.5066,0.0579,0,0.5097,0.8577,0.0671,0,-2.641,-5.8601,70.4524,1]},
{"frame":294,"values":[0.0038,-0.0884,0.9961,0,-0.8403,0.5397,0.0511,0,0.5421,0.8372,0.0722,0,-2.4641,-6.3776,70.3818,1]},
{"frame":295,"values":[-0.0064,-0.0918,0.9958,0,-0.8136,0.5794,0.0481,0,0.5814,0.8099,0.0784,0,-2.3893,-6.7896,70.2451,1]},
{"frame":296,"values":[-0.0137,-0.0995,0.9949,0,-0.7784,0.6257,0.0518,0,0.6277,0.7737,0.086,0,-2.3426,-7.0786,70.1596,1]},
{"frame":297,"values":[-0.0183,-0.1074,0.994,0,-0.7314,0.6793,0.06,0,0.6817,0.726,0.091,0,-2.321,-7.2121,70.2124,1]},
{"frame":298,"values":[-0.0248,-0.1112,0.9935,0,-0.6747,0.7352,0.0655,0,0.7377,0.6687,0.0932,0,-2.3044,-7.1624,70.3405,1]},
{"frame":299,"values":[-0.0334,-0.1134,0.993,0,-0.6128,0.7872,0.0693,0,0.7895,0.6062,0.0958,0,-2.215,-6.9644,70.5164,1]},
{"frame":300,"values":[-0.04,-0.1162,0.9924,0,-0.5434,0.836,0.076,0,0.8385,0.5362,0.0966,0,-2.0652,-6.6481,70.7336,1]},
{"frame":301,"values":[-0.0472,-0.1154,0.9922,0,-0.4611,0.8837,0.0809,0,0.8861,0.4537,0.095,0,-1.8552,-6.2146,70.8841,1]},
{"frame":302,"values":[-0.058,-0.1081,0.9924,0,-0.3666,0.927,0.0795,0,0.9286,0.3592,0.0934,0,-1.5384,-5.6531,70.9153,1]},
{"frame":303,"values":[-0.0712,-0.095,0.9929,0,-0.2643,0.9617,0.073,0,0.9618,0.2572,0.0935,0,-1.0869,-4.9495,70.8063,1]},
{"frame":304,"values":[-0.0829,-0.0749,0.9937,0,-0.1534,0.9862,0.0616,0,0.9847,0.1474,0.0932,0,-0.5377,-4.1434,70.5602,1]},
{"frame":305,"values":[-0.0882,-0.0557,0.9945,0,-0.0309,0.9981,0.0531,0,0.9956,0.026,0.0897,0,-0.0136,-3.3696,70.4183,1]},
{"frame":306,"values":[-0.0905,-0.0403,0.9951,0,0.0982,0.994,0.0492,0,0.991,-0.1021,0.086,0,0.428,-2.6756,70.4919,1]},
{"frame":307,"values":[-0.0923,-0.0281,0.9953,0,0.2228,0.9737,0.0481,0,0.9705,-0.2262,0.0836,0,0.8015,-1.9798,70.6906,1]},
{"frame":308,"values":[-0.0904,-0.0214,0.9957,0,0.3369,0.9402,0.0508,0,0.9372,-0.3401,0.0778,0,1.0753,-1.2516,70.8507,1]},
{"frame":309,"values":[-0.0827,-0.02,0.9964,0,0.4414,0.8956,0.0546,0,0.8935,-0.4443,0.0652,0,1.1966,-0.522,70.9154,1]},
{"frame":321,"values":[0.0469,-0.0709,0.9964,0,-0.9924,0.1099,0.0546,0,0.1133,0.9914,0.0652,0,0.0828,1.3027,70.9134,1]},
{"frame":322,"values":[0.055,-0.0541,0.997,0,-0.9974,0.043,0.0573,0,0.046,0.9976,0.0516,0,0.1201,0.8454,70.7809,1]},
{"frame":323,"values":[0.0595,-0.0401,0.9974,0,-0.9978,-0.0302,0.0583,0,-0.0278,0.9987,0.0418,0,0.2721,0.4476,70.6152,1]},
{"frame":324,"values":[0.065,-0.0296,0.9974,0,-0.9928,-0.1028,0.0616,0,-0.1007,0.9943,0.0361,0,0.5545,-0.0168,70.5786,1]},
{"frame":325,"values":[0.0729,-0.022,0.9971,0,-0.9833,-0.1686,0.0682,0,-0.1666,0.9854,0.0339,0,0.9612,-0.5206,70.7072,1]},
{"frame":326,"values":[0.0794,-0.0171,0.9967,0,-0.9714,-0.2257,0.0735,0,-0.2237,0.974,0.0345,0,1.4256,-1.0224,70.8205,1]},
{"frame":327,"values":[0.0798,-0.0155,0.9967,0,-0.9589,-0.2743,0.0725,0,-0.2722,0.9615,0.0368,0,1.8763,-1.4996,70.7999,1]},
{"frame":328,"values":[0.0761,-0.0158,0.997,0,-0.9459,-0.3173,0.0671,0,-0.3153,0.9482,0.0391,0,2.2685,-1.9584,70.6951,1]},
{"frame":329,"values":[0.0715,-0.0167,0.9973,0,-0.9307,-0.3608,0.0606,0,-0.3588,0.9325,0.0413,0,2.588,-2.4091,70.5546,1]},
{"frame":330,"values":[0.0684,-0.0198,0.9975,0,-0.9126,-0.4051,0.0546,0,-0.403,0.914,0.0458,0,2.8166,-2.84,70.4339,1]},
{"frame":331,"values":[0.0691,-0.0248,0.9973,0,-0.8941,-0.445,0.0509,0,-0.4425,0.8952,0.0529,0,2.9151,-3.2381,70.406,1]},
{"frame":332,"values":[0.0727,-0.0295,0.9969,0,-0.8772,-0.4775,0.0498,0,-0.4746,0.8781,0.0606,0,2.8397,-3.6337,70.4431,1]},
{"frame":333,"values":[0.0785,-0.0318,0.9964,0,-0.8606,-0.5067,0.0516,0,-0.5033,0.8615,0.0671,0,2.6315,-4.0524,70.4813,1]},
{"frame":334,"values":[0.0882,-0.0293,0.9957,0,-0.8397,-0.5399,0.0585,0,-0.5358,0.8412,0.0722,0,2.4859,-4.4453,70.4112,1]},
{"frame":335,"values":[0.0949,-0.0287,0.9951,0,-0.8123,-0.58,0.0608,0,-0.5754,0.8141,0.0784,0,2.4433,-4.7612,70.2696,1]},
{"frame":336,"values":[0.0981,-0.0315,0.9947,0,-0.7768,-0.6272,0.0567,0,-0.6221,0.7782,0.086,0,2.4249,-4.9899,70.1811,1]},
{"frame":337,"values":[0.0975,-0.0336,0.9947,0,-0.73,-0.6817,0.0486,0,-0.6764,0.7309,0.091,0,2.4217,-5.1044,70.2354,1]},
{"frame":338,"values":[0.0979,-0.0312,0.9947,0,-0.6733,-0.7381,0.0431,0,-0.7329,0.6739,0.0933,0,2.4167,-5.0821,70.3647,1]},
{"frame":339,"values":[0.0998,-0.0278,0.9946,0,-0.6111,-0.7905,0.0393,0,-0.7852,0.6118,0.0959,0,2.3366,-4.95,70.5442,1]},
{"frame":340,"values":[0.099,-0.0251,0.9948,0,-0.5417,-0.84,0.0327,0,-0.8347,0.5421,0.0968,0,2.1966,-4.7325,70.7678,1]},
{"frame":341,"values":[0.0974,-0.0189,0.9951,0,-0.4594,-0.8878,0.0281,0,-0.8829,0.4599,0.0952,0,1.9967,-4.4276,70.9325,1]},
{"frame":342,"values":[0.0979,-0.0068,0.9952,0,-0.3646,-0.9307,0.0295,0,-0.926,0.3658,0.0936,0,1.6872,-4.0252,70.98,1]},
{"frame":343,"values":[0.0997,0.0095,0.995,0,-0.2617,-0.9645,0.0354,0,-0.96,0.2639,0.0937,0,1.2393,-3.5151,70.8841,1]},
{"frame":344,"values":[0.0993,0.0314,0.9946,0,-0.1504,-0.9875,0.0462,0,-0.9836,0.1542,0.0933,0,0.6883,-2.925,70.6401,1]},
{"frame":345,"values":[0.0914,0.0515,0.9945,0,-0.0281,-0.9981,0.0543,0,-0.9954,0.0329,0.0897,0,0.1538,-2.3626,70.4946,1]},
{"frame":346,"values":[0.0798,0.0666,0.9946,0,0.1005,-0.9932,0.0585,0,-0.9917,-0.0953,0.086,0,-0.3049,-1.8659,70.5603,1]},
{"frame":347,"values":[0.0681,0.0771,0.9947,0,0.2247,-0.9726,0.06,0,-0.9721,-0.2194,0.0836,0,-0.6887,-1.3707,70.7467,1]},
{"frame":348,"values":[0.0537,0.0807,0.9953,0,0.3382,-0.9393,0.0579,0,-0.9395,-0.3335,0.0778,0,-1.0204,-0.8534,70.8889,1]},
{"frame":349,"values":[0.0345,0.0777,0.9964,0,0.4415,-0.8956,0.0546,0,-0.8966,-0.4381,0.0652,0,-1.1654,-0.2759,70.9093,1]},
{"frame":361,"values":[0.0059,0.0568,0.9984,0,-0.9992,-0.0402,0.0082,0,-0.0406,0.9976,-0.0565,0,-0.09,1.2028,69.0102,1]},
{"frame":362,"values":[-0.0013,0.0561,0.9984,0,-0.9982,-0.0595,0.0021,0,-0.0595,0.9967,-0.0561,0,-0.0393,-1.5099,68.7584,1]},
{"frame":363,"values":[-0.0059,0.0504,0.9987,0,-0.9967,-0.0814,-0.0017,0,-0.0812,0.9954,-0.0507,0,0.0742,-4.2002,68.2522,1]},
{"frame":364,"values":[-0.0085,0.0406,0.9991,0,-0.9946,-0.1034,-0.0043,0,-0.1032,0.9938,-0.0413,0,0.2849,-6.922,67.548,1]},
{"frame":365,"values":[-0.0102,0.032,0.9994,0,-0.9926,-0.1216,-0.0062,0,-0.1214,0.9921,-0.033,0,0.5883,-9.7837,66.8499,1]},
{"frame":366,"values":[-0.0112,0.0321,0.9994,0,-0.9911,-0.1328,-0.0068,0,-0.1325,0.9906,-0.0333,0,0.9344,-12.9285,66.4134,1]},
{"frame":367,"values":[-0.0132,0.0438,0.999,0,-0.9906,-0.1364,-0.0071,0,-0.1359,0.9897,-0.0452,0,1.2715,-16.4729,66.3112,1]},
{"frame":368,"values":[-0.0208,0.0613,0.9979,0,-0.9907,-0.1352,-0.0124,0,-0.1342,0.9889,-0.0635,0,1.5711,-20.3552,66.4419,1]},
{"frame":369,"values":[-0.0367,0.0738,0.9966,0,-0.9904,-0.1359,-0.0264,0,-0.1335,0.988,-0.0781,0,1.8316,-24.3267,66.6764,1]},
{"frame":370,"values":[-0.0563,0.0742,0.9957,0,-0.9885,-0.1442,-0.0452,0,-0.1403,0.9868,-0.0815,0,2.0624,-28.0865,66.979,1]},
{"frame":371,"values":[-0.0729,0.064,0.9953,0,-0.9855,-0.1582,-0.062,0,-0.1535,0.9853,-0.0746,0,2.2597,-31.4746,67.3584,1]},
{"frame":372,"values":[-0.0821,0.0508,0.9953,0,-0.9832,-0.1674,-0.0726,0,-0.1629,0.9846,-0.0637,0,2.4075,-34.5334,67.7799,1]},
{"frame":373,"values":[-0.084,0.042,0.9956,0,-0.984,-0.1607,-0.0762,0,-0.1568,0.9861,-0.0548,0,2.491,-37.4258,68.1586,1]},
