{"producer":{"name":"Blender","version":"2.90.1","exporter_version":"6.4.5","file":"paladin.babylon"},
"autoClear":true,"clearColor":[0.0509,0.0509,0.0509],"gravity":[0,-9.81,0],
"materials":[{"name":"Material","id":"Material","customType":"BABYLON.PBRMaterial","backFaceCulling":true,"checkReadyOnlyOnce":false,"maxSimultaneousLights":4,"environmentIntensity":1,"albedo":[0.8,0.8,0.8],"reflectivity":[0.5,0.5,0.5],"roughness":0.4,"alpha":1,"transparencyMode":0,"alphaCutOff":0.4,"metallic":0}],
"multiMaterials":[],
"skeletons":[{"name":"Character","id":0,"dimensionsAtRest":[175.8942,32.1481,190.7112],"bones":[
{"name":"Hips","index":0,"matrix":[1,0,0,0,0,0,1,0,0,1,0,0,0.0336,0.4975,95.5819,1],"rest":[1,0,0,0,0,0,1,0,0,1,0,0,0.0336,0.4975,95.5819,1],"parentBoneIndex":-1,"length":11.1841
,"animation":{"dataType":3,"framePerSecond":30,"keys":[
{"frame":1,"values":[0.3733,0.9055,-0.2016,0,0.5012,-0.014,0.8652,0,-0.7807,0.4241,0.4591,0,0.3747,-0.4884,73.3022,1]},
{"frame":2,"values":[0.3748,0.9154,-0.1467,0,0.4587,-0.0456,0.8874,0,-0.8057,0.3999,0.437,0,0.5745,-0.0013,74.3754,1]},
{"frame":3,"values":[0.4349,0.8956,-0.0932,0,0.3792,-0.0883,0.9211,0,-0.8167,0.436,0.378,0,2.0615,-0.3823,77.3607,1]},
{"frame":4,"values":[0.5309,0.8452,-0.0614,0,0.2977,-0.1182,0.9473,0,-0.7934,0.5212,0.3144,0,4.4717,-1.3401,81.1271,1]},
{"frame":5,"values":[0.6388,0.7682,-0.0433,0,0.2306,-0.1374,0.9633,0,-0.734,0.6253,0.2649,0,7.3165,-2.6225,84.4927,1]},
{"frame":6,"values":[0.7435,0.6683,-0.0227,0,0.1748,-0.1615,0.9713,0,-0.6455,0.7261,0.237,0,10.1605,-4.2541,86.5038,1]},
{"frame":7,"values":[0.8241,0.5664,0.0029,0,0.1292,-0.1929,0.9727,0,-0.5515,0.8012,0.2322,0,12.7264,-5.9755,87.0976,1]},
{"frame":8,"values":[0.8826,0.4697,0.0202,0,0.0852,-0.2022,0.9756,0,-0.4623,0.8594,0.2185,0,15.0833,-7.6324,86.4456,1]},
{"frame":9,"values":[0.9215,0.387,0.0316,0,0.0499,-0.1986,0.9788,0,-0.385,0.9004,0.2024,0,17.4169,-9.1844,84.8853,1]},
{"frame":10,"values":[0.9428,0.3318,0.0321,0,0.0401,-0.2084,0.9772,0,-0.3309,0.92,0.2098,0,19.7055,-10.5065,82.9653,1]},
{"frame":11,"values":[0.9548,0.2957,0.0297,0,0.0381,-0.221,0.9745,0,-0.2948,0.9294,0.2223,0,21.8866,-11.1065,81.3436,1]},
{"frame":12,"values":[0.9633,0.2663,0.0345,0,0.0315,-0.2395,0.9704,0,-0.2667,0.9336,0.2391,0,24.6286,-10.9483,80.8101,1]},
{"frame":13,"values":[0.9678,0.2469,0.048,0,0.0125,-0.2379,0.9712,0,-0.2513,0.9394,0.2333,0,27.9521,-10.0195,81.4452,1]},
{"frame":14,"values":[0.9717,0.2266,0.0667,0,-0.0145,-0.2246,0.9743,0,-0.2358,0.9477,0.215,0,31.8757,-8.594,83.1712,1]},
{"frame":15,"values":[0.9748,0.2071,0.0832,0,-0.0386,-0.2108,0.9768,0,-0.2198,0.9553,0.1975,0,36.4499,-7.0013,85.6572,1]},
{"frame":16,"values":[0.9772,0.1885,0.0974,0,-0.0595,-0.1971,0.9786,0,-0.2036,0.9621,0.1814,0,41.6357,-5.4973,88.1189,1]},
{"frame":17,"values":[0.9733,0.2047,0.1034,0,-0.068,-0.173,0.9826,0,-0.2191,0.9634,0.1545,0,46.8816,-4.4833,89.272,1]},
{"frame":18,"values":[0.964,0.246,0.101,0,-0.0669,-0.1432,0.9874,0,-0.2574,0.9586,0.1216,0,52.4696,-3.8124,89.7547,1]},
{"frame":19,"values":[0.9496,0.302,0.0836,0,-0.053,-0.1084,0.9927,0,-0.3089,0.9471,0.0869,0,58.2715,-3.2997,89.4282,1]},
{"frame":20,"values":[0.9379,0.3402,0.0676,0,-0.0475,-0.0671,0.9966,0,-0.3436,0.9379,0.0468,0,64.131,-3.0749,88.4358,1]},
{"frame":21,"values":[0.933,0.3555,0.0565,0,-0.0501,-0.0271,0.9984,0,-0.3564,0.9343,0.0075,0,69.1135,-2.8075,85.216,1]},
{"frame":22,"values":[0.9327,0.3577,0.0455,0,-0.0528,0.0106,0.9986,0,-0.3567,0.9338,-0.0288,0,74.2407,-2.8069,81.6888,1]},
{"frame":23,"values":[0.9404,0.3383,0.0357,0,-0.0468,0.0249,0.9986,0,-0.3369,0.9407,-0.0393,0,79.6944,-3.3167,77.7751,1]},
{"frame":24,"values":[0.9535,0.3009,0.015,0,-0.0257,0.0316,0.9992,0,-0.3002,0.9531,-0.0379,0,84.7863,-4.1913,73.6165,1]},
{"frame":25,"values":[0.9695,0.2449,-0.0061,0,-0.0013,0.03,0.9995,0,-0.245,0.9691,-0.0294,0,88.6437,-5.0713,69.5239,1]},
{"frame":26,"values":[0.9803,0.1928,-0.0429,0,0.0399,0.0194,0.999,0,-0.1935,0.981,-0.0113,0,90.8687,-5.9923,66.9901,1]},
{"frame":27,"values":[0.9857,0.1492,-0.0779,0,0.0767,0.0141,0.997,0,-0.1498,0.9887,-0.0024,0,91.1342,-6.737,66.199,1]},
{"frame":28,"values":[0.9936,0.0747,-0.0842,0,0.0815,0.0381,0.9959,0,-0.0776,0.9965,-0.0318,0,89.2673,-7.0497,67.1587,1]},
{"frame":29,"values":[0.9968,-0.0402,-0.0695,0,0.0734,0.1069,0.9916,0,0.0324,0.9935,-0.1095,0,85.5565,-7.0317,69.5642,1]},
{"frame":30,"values":[0.9811,-0.1916,-0.0283,0,0.0735,0.2333,0.9696,0,0.1792,0.9533,-0.243,0,81.5099,-6.6944,72.2008,1]},
{"frame":31,"values":[0.9398,-0.3415,-0.0125,0,0.1365,0.3417,0.9299,0,0.3133,0.8756,-0.3677,0,78.6377,-5.1099,72.7961,1]},
{"frame":32,"values":[0.9023,-0.4306,-0.0234,0,0.209,0.3892,0.8971,0,0.3772,0.8143,-0.4412,0,74.8586,-3.4414,72.1611,1]},
{"frame":33,"values":[0.8729,-0.4863,-0.0407,0,0.2678,0.4077,0.873,0,0.4079,0.7729,-0.4861,0,71.7413,-1.8533,70.7139,1]},
{"frame":34,"values":[0.8382,-0.5387,-0.0843,0,0.344,0.4025,0.8484,0,0.4231,0.7401,-0.5227,0,69.0747,0.1136,69.2242,1]},
{"frame":35,"values":[0.7869,-0.5979,-0.1525,0,0.4479,0.3836,0.8076,0,0.4244,0.7038,-0.5697,0,67.7778,1.3348,66.4977,1]},
{"frame":36,"values":[0.7348,-0.6335,-0.2424,0,0.5529,0.3524,0.7551,0,0.3929,0.6888,-0.6092,0,67.1449,2.8775,63.2594,1]},
{"frame":37,"values":[0.6743,-0.6375,-0.3728,0,0.6564,0.286,0.6982,0,0.3385,0.7154,-0.6112,0,67.3582,4.8841,59.7554,1]},
{"frame":38,"values":[0.628,-0.5964,-0.4998,0,0.7286,0.225,0.6469,0,0.2734,0.7705,-0.5759,0,67.952,7.1795,56.2574,1]},
{"frame":39,"values":[0.5545,-0.5143,-0.6543,0,0.8064,0.1378,0.5751,0,0.2056,0.8465,-0.4912,0,68.386,9.495,53.5326,1]},
{"frame":40,"values":[0.4423,-0.3844,-0.8103,0,0.8807,0.0156,0.4734,0,0.1693,0.923,-0.3455,0,68.6471,11.9121,51.7944,1]},
{"frame":41,"values":[0.3452,-0.252,-0.9041,0,0.9055,-0.1638,0.3914,0,0.2467,0.9538,-0.1717,0,69.2273,14.1364,50.6572,1]},
{"frame":42,"values":[0.291,-0.1184,-0.9494,0,0.8934,-0.3214,0.3139,0,0.3423,0.9395,-0.0122,0,69.4702,16.748,48.8462,1]},
{"frame":43,"values":[0.2775,0.0062,-0.9607,0,0.8585,-0.4504,0.2451,0,0.4311,0.8928,0.1303,0,69.8029,19.5611,46.412,1]},
{"frame":44,"values":[0.2879,0.1598,-0.9442,0,0.7905,-0.5963,0.1401,0,0.5406,0.7867,0.298,0,70.0023,23.4153,43.1276,1]},
{"frame":45,"values":[0.3907,0.2964,-0.8715,0,0.6817,-0.7294,0.0575,0,0.6186,0.6165,0.4871,0,70.6282,28.2515,39.7005,1]},
{"frame":46,"values":[0.4955,0.3916,-0.7754,0,0.5383,-0.839,-0.0798,0,0.6818,0.3778,0.6265,0,71.0648,33.6503,36.2631,1]},
{"frame":47,"values":[0.6366,0.412,-0.6519,0,0.3764,-0.9038,-0.2037,0,0.6731,0.1157,0.7305,0,72.5618,40.0206,33.2251,1]},
{"frame":48,"values":[0.7753,0.3301,-0.5384,0,0.2146,-0.9395,-0.267,0,0.594,-0.0914,0.7992,0,77.2654,48.213,31.798,1]},
{"frame":49,"values":[0.8858,0.2029,-0.4174,0,0.0579,-0.9407,-0.3344,0,0.4604,-0.272,0.845,0,81.9761,51.4849,31.2661,1]},
{"frame":50,"values":[0.9507,0.0468,-0.3067,0,-0.0853,-0.911,-0.4035,0,0.2983,-0.4097,0.8621,0,84.4186,54.6032,33.4678,1]},
{"frame":51,"values":[0.9815,-0.1564,-0.1101,0,-0.1886,-0.8875,-0.4204,0,0.032,-0.4334,0.9006,0,85.8561,57.2752,33.8539,1]},
{"frame":61,"values":[0.9956,0.082,-0.0461,0,0.047,-0.0098,0.9988,0,-0.0814,0.9966,0.0136,0,4.7205,0.2922,94.5926,1]},
{"frame":62,"values":[0.9955,0.0825,-0.0459,0,0.0468,-0.0097,0.9989,0,-0.0819,0.9965,0.0135,0,4.7229,0.289,94.5924,1]},
{"frame":63,"values":[0.9955,0.0828,-0.0459,0,0.0468,-0.0096,0.9989,0,-0.0823,0.9965,0.0134,0,4.7247,0.2887,94.5921,1]},
{"frame":64,"values":[0.9955,0.083,-0.0458,0,0.0468,-0.0096,0.9989,0,-0.0825,0.9965,0.0134,0,4.727,0.2886,94.5918,1]},
{"frame":65,"values":[0.9955,0.083,-0.0458,0,0.0468,-0.0096,0.9989,0,-0.0825,0.9965,0.0134,0,4.73,0.2887,94.5915,1]},
{"frame":66,"values":[0.9955,0.0831,-0.0458,0,0.0468,-0.0094,0.9989,0,-0.0825,0.9965,0.0133,0,4.7336,0.289,94.5912,1]},
{"frame":67,"values":[0.9955,0.0831,-0.0458,0,0.0468,-0.0093,0.9989,0,-0.0826,0.9965,0.0132,0,4.738,0.2897,94.5909,1]},
{"frame":68,"values":[0.9955,0.0831,-0.0458,0,0.0467,-0.0093,0.9989,0,-0.0826,0.9965,0.0131,0,4.7431,0.2909,94.5905,1]},
{"frame":69,"values":[0.9955,0.0832,-0.0458,0,0.0467,-0.0093,0.9989,0,-0.0827,0.9965,0.0132,0,4.749,0.2926,94.59,1]},
{"frame":70,"values":[0.9955,0.0834,-0.0458,0,0.0468,-0.0093,0.9989,0,-0.0828,0.9965,0.0132,0,4.7557,0.2947,94.5894,1]},
{"frame":71,"values":[0.9955,0.0835,-0.0459,0,0.0469,-0.0093,0.9989,0,-0.0829,0.9965,0.0132,0,4.7631,0.297,94.5888,1]},
{"frame":72,"values":[0.9955,0.0833,-0.0461,0,0.047,-0.0094,0.9988,0,-0.0828,0.9965,0.0133,0,4.7703,0.304,94.5882,1]},
{"frame":73,"values":[0.9955,0.0829,-0.0463,0,0.0473,-0.0096,0.9988,0,-0.0823,0.9965,0.0135,0,4.7774,0.3108,94.5875,1]},
{"frame":74,"values":[0.9955,0.0824,-0.0466,0,0.0476,-0.0098,0.9988,0,-0.0818,0.9966,0.0137,0,4.7851,0.3169,94.5868,1]},
{"frame":75,"values":[0.9955,0.0822,-0.0468,0,0.0478,-0.01,0.9988,0,-0.0816,0.9966,0.0139,0,4.7942,0.323,94.5862,1]},
{"frame":76,"values":[0.9955,0.0821,-0.047,0,0.048,-0.0101,0.9988,0,-0.0816,0.9966,0.014,0,4.805,0.3304,94.5856,1]},
{"frame":77,"values":[0.9955,0.0823,-0.0471,0,0.048,-0.0101,0.9988,0,-0.0817,0.9966,0.014,0,4.8177,0.3404,94.5851,1]},
{"frame":78,"values":[0.9955,0.0827,-0.047,0,0.048,-0.0101,0.9988,0,-0.0821,0.9965,0.0141,0,4.8322,0.3536,94.5847,1]},
{"frame":79,"values":[0.9954,0.0833,-0.0469,0,0.0479,-0.0102,0.9988,0,-0.0827,0.9965,0.0141,0,4.8479,0.3702,94.5843,1]},
{"frame":80,"values":[0.9954,0.0842,-0.0468,0,0.0478,-0.0102,0.9988,0,-0.0836,0.9964,0.0142,0,4.8645,0.3877,94.5839,1]},
{"frame":81,"values":[0.9952,0.0853,-0.0468,0,0.0479,-0.0103,0.9988,0,-0.0848,0.9963,0.0143,0,4.8814,0.4013,94.5834,1]},
{"frame":82,"values":[0.9951,0.0869,-0.047,0,0.0481,-0.0105,0.9988,0,-0.0863,0.9962,0.0147,0,4.8987,0.4043,94.5828,1]},
{"frame":83,"values":[0.9949,0.0889,-0.0473,0,0.0485,-0.0108,0.9988,0,-0.0883,0.996,0.0151,0,4.9167,0.4079,94.5822,1]},
{"frame":84,"values":[0.9947,0.0909,-0.0477,0,0.0489,-0.011,0.9987,0,-0.0903,0.9958,0.0154,0,4.9349,0.4114,94.5818,1]},
{"frame":85,"values":[0.9945,0.0925,-0.0482,0,0.0494,-0.011,0.9987,0,-0.0918,0.9957,0.0155,0,4.9524,0.4143,94.5817,1]},
{"frame":86,"values":[0.9944,0.0934,-0.0487,0,0.0499,-0.0109,0.9987,0,-0.0928,0.9956,0.0155,0,4.9691,0.4163,94.5819,1]},
{"frame":87,"values":[0.9944,0.0938,-0.0493,0,0.0505,-0.0109,0.9987,0,-0.0931,0.9955,0.0156,0,4.9849,0.4174,94.5822,1]},
{"frame":88,"values":[0.9943,0.0938,-0.0498,0,0.0511,-0.011,0.9986,0,-0.0931,0.9955,0.0158,0,5,0.4171,94.5826,1]},
{"frame":89,"values":[0.9943,0.0935,-0.0503,0,0.0516,-0.0113,0.9986,0,-0.0928,0.9956,0.016,0,5.0144,0.4153,94.583,1]},
{"frame":90,"values":[0.9944,0.0932,-0.0507,0,0.052,-0.0115,0.9986,0,-0.0924,0.9956,0.0162,0,5.0283,0.4121,94.5834,1]},
{"frame":91,"values":[0.9944,0.0928,-0.0512,0,0.0525,-0.0116,0.9986,0,-0.0921,0.9956,0.0164,0,5.0415,0.4075,94.584,1]},
{"frame":92,"values":[0.9944,0.0924,-0.0517,0,0.053,-0.0118,0.9985,0,-0.0917,0.9957,0.0166,0,5.0539,0.4016,94.5846,1]},
{"frame":93,"values":[0.9944,0.0921,-0.0523,0,0.0536,-0.0118,0.9985,0,-0.0913,0.9957,0.0167,0,5.0655,0.3943,94.5853,1]},
{"frame":94,"values":[0.9944,0.0917,-0.053,0,0.0543,-0.0117,0.9985,0,-0.091,0.9957,0.0167,0,5.0764,0.3853,94.5861,1]},
{"frame":95,"values":[0.9944,0.0914,-0.0536,0,0.0549,-0.0117,0.9984,0,-0.0907,0.9957,0.0167,0,5.0865,0.3751,94.5868,1]},
{"frame":96,"values":[0.9944,0.0912,-0.0541,0,0.0554,-0.0117,0.9984,0,-0.0904,0.9958,0.0167,0,5.0958,0.3641,94.5876,1]},
{"frame":97,"values":[0.9944,0.0909,-0.0546,0,0.0559,-0.0118,0.9984,0,-0.0901,0.9958,0.0168,0,5.1041,0.3522,94.5884,1]},
{"frame":98,"values":[0.9944,0.0905,-0.0549,0,0.0562,-0.0119,0.9983,0,-0.0897,0.9958,0.0169,0,5.1113,0.3398,94.5892,1]},
{"frame":99,"values":[0.9944,0.0902,-0.0552,0,0.0565,-0.0119,0.9983,0,-0.0894,0.9959,0.0169,0,5.1174,0.327,94.5899,1]},
{"frame":100,"values":[0.9944,0.09,-0.0554,0,0.0567,-0.0119,0.9983,0,-0.0892,0.9959,0.0169,0,5.1226,0.3139,94.5905,1]},
{"frame":101,"values":[0.9944,0.0902,-0.0555,0,0.0568,-0.0119,0.9983,0,-0.0894,0.9959,0.017,0,5.1276,0.3004,94.5911,1]},
{"frame":102,"values":[0.9943,0.0907,-0.0555,0,0.0568,-0.0119,0.9983,0,-0.0899,0.9958,0.0169,0,5.1327,0.2865,94.5917,1]},
{"frame":103,"values":[0.9943,0.0914,-0.0553,0,0.0566,-0.0118,0.9983,0,-0.0906,0.9957,0.0169,0,5.1371,0.2722,94.5922,1]},
{"frame":104,"values":[0.9942,0.0922,-0.0551,0,0.0564,-0.0117,0.9983,0,-0.0914,0.9957,0.0169,0,5.14,0.2575,94.5928,1]},
{"frame":105,"values":[0.9941,0.0933,-0.0549,0,0.0563,-0.0116,0.9983,0,-0.0925,0.9956,0.0168,0,5.1475,0.2423,94.5933,1]},
{"frame":106,"values":[0.994,0.0948,-0.0547,0,0.0561,-0.0115,0.9984,0,-0.094,0.9954,0.0167,0,5.1523,0.2268,94.5938,1]},
{"frame":107,"values":[0.9938,0.0966,-0.0545,0,0.0559,-0.0113,0.9984,0,-0.0959,0.9953,0.0167,0,5.1547,0.2109,94.5943,1]},
{"frame":108,"values":[0.9937,0.0983,-0.0544,0,0.0557,-0.0113,0.9984,0,-0.0975,0.9951,0.0167,0,5.1574,0.1947,94.5946,1]},
{"frame":109,"values":[0.9936,0.0991,-0.0543,0,0.0557,-0.0114,0.9984,0,-0.0984,0.995,0.0168,0,5.1583,0.1783,94.5946,1]},
{"frame":110,"values":[0.9936,0.0992,-0.0544,0,0.0559,-0.0116,0.9984,0,-0.0984,0.995,0.0171,0,5.1575,0.1617,94.5944,1]},
{"frame":111,"values":[0.9936,0.0991,-0.0546,0,0.056,-0.0118,0.9984,0,-0.0983,0.995,0.0173,0,5.1558,0.145,94.594,1]},
{"frame":112,"values":[0.9936,0.0992,-0.0546,0,0.0561,-0.0121,0.9984,0,-0.0984,0.995,0.0175,0,5.1541,0.1281,94.5937,1]},
{"frame":113,"values":[0.9935,0.0995,-0.0547,0,0.0562,-0.0122,0.9983,0,-0.0987,0.995,0.0177,0,5.1523,0.1111,94.5933,1]},
{"frame":114,"values":[0.9935,0.0996,-0.0547,0,0.0562,-0.0125,0.9983,0,-0.0988,0.9949,0.018,0,5.15,0.0942,94.5929,1]},
{"frame":115,"values":[0.9935,0.0997,-0.0548,0,0.0563,-0.0127,0.9983,0,-0.0988,0.9949,0.0183,0,5.1471,0.0774,94.5925,1]},
{"frame":116,"values":[0.9935,0.0997,-0.0548,0,0.0564,-0.013,0.9983,0,-0.0988,0.9949,0.0185,0,5.144,0.0606,94.5921,1]},
{"frame":117,"values":[0.9935,0.0998,-0.0548,0,0.0563,-0.0131,0.9983,0,-0.0989,0.9949,0.0186,0,5.1408,0.044,94.5918,1]},
{"frame":118,"values":[0.9935,0.1,-0.0546,0,0.0562,-0.0131,0.9983,0,-0.0992,0.9949,0.0186,0,5.1376,0.0274,94.5917,1]},
{"frame":119,"values":[0.9935,0.1,-0.0546,0,0.0562,-0.0131,0.9983,0,-0.0991,0.9949,0.0187,0,5.1337,0.011,94.5913,1]},
{"frame":120,"values":[0.9935,0.0995,-0.0548,0,0.0564,-0.0133,0.9983,0,-0.0986,0.995,0.0189,0,5.1285,-0.0049,94.5904,1]},
{"frame":121,"values":[0.9936,0.0985,-0.0551,0,0.0568,-0.0138,0.9983,0,-0.0976,0.995,0.0193,0,5.1223,-0.0203,94.5891,1]},
{"frame":122,"values":[0.9937,0.0976,-0.0555,0,0.0572,-0.0143,0.9983,0,-0.0966,0.9951,0.0198,0,5.1161,-0.0351,94.5873,1]},
{"frame":123,"values":[0.9937,0.0972,-0.0557,0,0.0574,-0.0146,0.9982,0,-0.0962,0.9952,0.0201,0,5.1109,-0.0495,94.5851,1]},
{"frame":124,"values":[0.9937,0.0971,-0.0558,0,0.0575,-0.0148,0.9982,0,-0.0961,0.9952,0.0203,0,5.1065,-0.0636,94.5825,1]},
{"frame":125,"values":[0.9937,0.0971,-0.0559,0,0.0576,-0.0149,0.9982,0,-0.0961,0.9952,0.0204,0,5.1024,-0.0772,94.5794,1]},
{"frame":126,"values":[0.9937,0.0971,-0.0559,0,0.0577,-0.0151,0.9982,0,-0.0961,0.9952,0.0206,0,5.0984,-0.088,94.5762,1]},
{"frame":127,"values":[0.9937,0.097,-0.056,0,0.0577,-0.0153,0.9982,0,-0.096,0.9952,0.0208,0,5.0947,-0.0983,94.5732,1]},
{"frame":128,"values":[0.9937,0.097,-0.056,0,0.0578,-0.0155,0.9982,0,-0.096,0.9952,0.021,0,5.0914,-0.1076,94.5706,1]},
{"frame":129,"values":[0.9937,0.0971,-0.0559,0,0.0577,-0.0156,0.9982,0,-0.096,0.9952,0.0211,0,5.0884,-0.1133,94.569,1]},
{"frame":130,"values":[0.9937,0.0972,-0.0558,0,0.0576,-0.0156,0.9982,0,-0.0961,0.9951,0.0211,0,5.0856,-0.1146,94.5685,1]},
{"frame":131,"values":[0.9937,0.0974,-0.0556,0,0.0574,-0.0155,0.9982,0,-0.0964,0.9951,0.021,0,5.0832,-0.1123,94.5696,1]},
{"frame":132,"values":[0.9937,0.0979,-0.0555,0,0.0572,-0.0155,0.9982,0,-0.0968,0.9951,0.021,0,5.0811,-0.1077,94.572,1]},
{"frame":133,"values":[0.9936,0.0983,-0.0554,0,0.0572,-0.0155,0.9982,0,-0.0973,0.995,0.021,0,5.0792,-0.1023,94.5751,1]},
{"frame":134,"values":[0.9936,0.0987,-0.0553,0,0.0571,-0.0154,0.9982,0,-0.0977,0.995,0.021,0,5.0773,-0.0971,94.5786,1]},
{"frame":135,"values":[0.9936,0.099,-0.0552,0,0.057,-0.0154,0.9983,0,-0.098,0.995,0.0209,0,5.0754,-0.092,94.582,1]},
{"frame":136,"values":[0.9935,0.0993,-0.055,0,0.0568,-0.0152,0.9983,0,-0.0983,0.9949,0.0207,0,5.0735,-0.0863,94.5849,1]},
{"frame":137,"values":[0.9935,0.0996,-0.0548,0,0.0566,-0.015,0.9983,0,-0.0986,0.9949,0.0205,0,5.0716,-0.0808,94.5867,1]},
{"frame":138,"values":[0.9935,0.0999,-0.0546,0,0.0564,-0.0148,0.9983,0,-0.0989,0.9949,0.0203,0,5.0698,-0.076,94.5874,1]},
{"frame":139,"values":[0.9935,0.0999,-0.0545,0,0.0562,-0.0147,0.9983,0,-0.0989,0.9949,0.0202,0,5.0678,-0.0698,94.5873,1]},
{"frame":140,"values":[0.9935,0.0996,-0.0544,0,0.0561,-0.0146,0.9983,0,-0.0986,0.9949,0.0201,0,5.0654,-0.0596,94.5868,1]},
{"frame":141,"values":[0.9936,0.0991,-0.0543,0,0.056,-0.0145,0.9983,0,-0.0982,0.995,0.02,0,5.0588,-0.0468,94.5858,1]},
{"frame":142,"values":[0.9936,0.0988,-0.0542,0,0.0559,-0.0144,0.9983,0,-0.0979,0.995,0.0198,0,5.0497,-0.0349,94.5847,1]},
{"frame":143,"values":[0.9936,0.0988,-0.0539,0,0.0556,-0.0142,0.9984,0,-0.0979,0.995,0.0196,0,5.0407,-0.0256,94.5835,1]},
{"frame":144,"values":[0.9936,0.099,-0.0535,0,0.0552,-0.014,0.9984,0,-0.0981,0.995,0.0194,0,5.0321,-0.0182,94.5823,1]},
{"frame":145,"values":[0.9936,0.0994,-0.0532,0,0.0548,-0.0138,0.9984,0,-0.0985,0.9949,0.0192,0,5.0236,-0.0111,94.5811,1]},
{"frame":146,"values":[0.9936,0.0998,-0.0529,0,0.0545,-0.0137,0.9984,0,-0.099,0.9949,0.0191,0,5.015,-0.0025,94.5794,1]},
{"frame":147,"values":[0.9936,0.1001,-0.0527,0,0.0543,-0.0136,0.9984,0,-0.0993,0.9949,0.019,0,5.0059,0.0087,94.5775,1]},
{"frame":148,"values":[0.9936,0.1002,-0.0526,0,0.0542,-0.0135,0.9984,0,-0.0993,0.9949,0.0189,0,4.9961,0.0217,94.5756,1]},
{"frame":149,"values":[0.9936,0.1001,-0.0525,0,0.0541,-0.0132,0.9984,0,-0.0992,0.9949,0.0186,0,4.9857,0.0338,94.574,1]},
{"frame":150,"values":[0.9936,0.1,-0.0523,0,0.0539,-0.0128,0.9985,0,-0.0992,0.9949,0.0181,0,4.9753,0.0426,94.5728,1]},
{"frame":151,"values":[0.9936,0.1,-0.0522,0,0.0537,-0.0121,0.9985,0,-0.0992,0.9949,0.0174,0,4.9654,0.0501,94.5716,1]},
{"frame":152,"values":[0.9936,0.0998,-0.0521,0,0.0535,-0.0113,0.9985,0,-0.0991,0.9949,0.0166,0,4.9554,0.0632,94.5703,1]},
{"frame":153,"values":[0.9937,0.0994,-0.052,0,0.0533,-0.0104,0.9985,0,-0.0987,0.995,0.0157,0,4.9452,0.088,94.5692,1]},
{"frame":154,"values":[0.9937,0.0989,-0.0519,0,0.0531,-0.0094,0.9985,0,-0.0982,0.9951,0.0146,0,4.9348,0.1231,94.5684,1]},
{"frame":155,"values":[0.9938,0.0985,-0.0519,0,0.053,-0.0085,0.9986,0,-0.0979,0.9951,0.0137,0,4.9248,0.1587,94.5681,1]},
{"frame":156,"values":[0.9938,0.0984,-0.0519,0,0.0529,-0.008,0.9986,0,-0.0978,0.9951,0.0132,0,4.915,0.188,94.5681,1]},
{"frame":157,"values":[0.9938,0.0982,-0.052,0,0.0531,-0.0079,0.9986,0,-0.0976,0.9951,0.0131,0,4.905,0.2144,94.5689,1]},
{"frame":158,"values":[0.9938,0.0976,-0.0523,0,0.0533,-0.0081,0.9985,0,-0.0971,0.9952,0.0132,0,4.8944,0.2413,94.5707,1]},
{"frame":159,"values":[0.9939,0.097,-0.0524,0,0.0535,-0.0081,0.9985,0,-0.0965,0.9952,0.0132,0,4.8839,0.2664,94.5733,1]},
{"frame":160,"values":[0.9939,0.0966,-0.0524,0,0.0534,-0.0079,0.9985,0,-0.0961,0.9953,0.013,0,4.8738,0.2876,94.5764,1]},
{"frame":161,"values":[0.994,0.0963,-0.0523,0,0.0533,-0.0076,0.9986,0,-0.0957,0.9953,0.0127,0,4.8638,0.3065,94.5794,1]},
{"frame":162,"values":[0.994,0.0958,-0.0522,0,0.0532,-0.0073,0.9986,0,-0.0953,0.9954,0.0123,0,4.8535,0.3243,94.5824,1]},
{"frame":163,"values":[0.9941,0.0952,-0.0522,0,0.0531,-0.0071,0.9986,0,-0.0947,0.9954,0.0121,0,4.8426,0.341,94.5855,1]},
{"frame":164,"values":[0.9942,0.0942,-0.0522,0,0.0531,-0.0071,0.9986,0,-0.0937,0.9955,0.012,0,4.831,0.3579,94.5886,1]},
{"frame":165,"values":[0.9943,0.0931,-0.0523,0,0.0531,-0.0071,0.9986,0,-0.0926,0.9956,0.012,0,4.819,0.3767,94.5915,1]},
{"frame":166,"values":[0.9944,0.0921,-0.0522,0,0.0531,-0.007,0.9986,0,-0.0916,0.9957,0.0119,0,4.8069,0.3958,94.594,1]},
{"frame":167,"values":[0.9945,0.0912,-0.0522,0,0.053,-0.0068,0.9986,0,-0.0907,0.9958,0.0116,0,4.7949,0.4116,94.5959,1]},
{"frame":168,"values":[0.9945,0.0903,-0.0521,0,0.0529,-0.0065,0.9986,0,-0.0898,0.9959,0.0112,0,4.7828,0.4232,94.5974,1]},
{"frame":169,"values":[0.9946,0.0895,-0.0521,0,0.0528,-0.006,0.9986,0,-0.089,0.996,0.0107,0,4.7709,0.4334,94.5988,1]},
{"frame":170,"values":[0.9947,0.0887,-0.052,0,0.0527,-0.0056,0.9986,0,-0.0883,0.996,0.0103,0,4.7592,0.4442,94.6003,1]},
{"frame":171,"values":[0.9947,0.0882,-0.052,0,0.0526,-0.0051,0.9986,0,-0.0878,0.9961,0.0097,0,4.7478,0.4551,94.6016,1]},
{"frame":172,"values":[0.9948,0.0879,-0.0519,0,0.0525,-0.0046,0.9986,0,-0.0876,0.9961,0.0092,0,4.7369,0.464,94.603,1]},
{"frame":173,"values":[0.9948,0.0878,-0.0518,0,0.0523,-0.0041,0.9986,0,-0.0875,0.9961,0.0086,0,4.7264,0.4717,94.6042,1]},
{"frame":174,"values":[0.9948,0.0877,-0.0516,0,0.0521,-0.0036,0.9986,0,-0.0874,0.9961,0.0081,0,4.7159,0.4804,94.6051,1]},
{"frame":175,"values":[0.9949,0.0873,-0.0514,0,0.0519,-0.0033,0.9986,0,-0.087,0.9962,0.0078,0,4.7053,0.4914,94.6059,1]},
{"frame":176,"values":[0.9949,0.0866,-0.0512,0,0.0516,-0.0031,0.9987,0,-0.0863,0.9962,0.0076,0,4.688,0.5031,94.6064,1]},
{"frame":177,"values":[0.995,0.0857,-0.0508,0,0.0513,-0.0031,0.9987,0,-0.0854,0.9963,0.0075,0,4.6712,0.5139,94.6066,1]},
{"frame":178,"values":[0.9951,0.0845,-0.0504,0,0.0508,-0.0032,0.9987,0,-0.0843,0.9964,0.0075,0,4.6543,0.5251,94.6067,1]},
{"frame":179,"values":[0.9953,0.0833,-0.0499,0,0.0503,-0.0034,0.9987,0,-0.083,0.9965,0.0075,0,4.6349,0.5398,94.6066,1]},
{"frame":180,"values":[0.9954,0.0822,-0.0494,0,0.0498,-0.0035,0.9988,0,-0.0819,0.9966,0.0076,0,4.6109,0.5585,94.6065,1]},
{"frame":181,"values":[0.9955,0.0816,-0.0489,0,0.0493,-0.0036,0.9988,0,-0.0813,0.9967,0.0076,0,4.5815,0.5766,94.6064,1]},
{"frame":182,"values":[0.9955,0.0816,-0.0485,0,0.0489,-0.0036,0.9988,0,-0.0813,0.9967,0.0076,0,4.547,0.5916,94.6059,1]},
{"frame":183,"values":[0.9955,0.0819,-0.0481,0,0.0485,-0.0036,0.9988,0,-0.0816,0.9966,0.0075,0,4.5071,0.6076,94.6052,1]},
{"frame":184,"values":[0.9955,0.0819,-0.0476,0,0.0481,-0.0035,0.9988,0,-0.0817,0.9966,0.0074,0,4.462,0.6296,94.6043,1]},
{"frame":185,"values":[0.9955,0.0816,-0.0473,0,0.0477,-0.0035,0.9989,0,-0.0814,0.9967,0.0074,0,4.4135,0.655,94.6033,1]},
{"frame":186,"values":[0.9956,0.0812,-0.0471,0,0.0476,-0.0037,0.9989,0,-0.0809,0.9967,0.0075,0,4.3652,0.6756,94.6021,1]},
{"frame":187,"values":[0.9956,0.0808,-0.0471,0,0.0476,-0.0039,0.9989,0,-0.0806,0.9967,0.0077,0,4.3196,0.6881,94.601,1]},
{"frame":188,"values":[0.9956,0.0807,-0.0471,0,0.0476,-0.0041,0.9989,0,-0.0804,0.9967,0.0079,0,4.2775,0.6967,94.6001,1]},
{"frame":189,"values":[0.9956,0.0807,-0.047,0,0.0475,-0.0041,0.9989,0,-0.0805,0.9967,0.0079,0,4.2395,0.7054,94.5996,1]},
{"frame":190,"values":[0.9956,0.0808,-0.0468,0,0.0473,-0.004,0.9989,0,-0.0805,0.9967,0.0078,0,4.2059,0.7144,94.5996,1]},
{"frame":191,"values":[0.9956,0.0809,-0.0465,0,0.047,-0.0038,0.9989,0,-0.0806,0.9967,0.0076,0,4.1768,0.7221,94.5999,1]},
{"frame":192,"values":[0.9956,0.0809,-0.0463,0,0.0468,-0.0038,0.9989,0,-0.0807,0.9967,0.0076,0,4.1539,0.7259,94.6003,1]},
{"frame":193,"values":[0.9956,0.0812,-0.0461,0,0.0465,-0.0037,0.9989,0,-0.0809,0.9967,0.0075,0,4.1394,0.7246,94.601,1]},
{"frame":194,"values":[0.9956,0.0816,-0.0459,0,0.0463,-0.0036,0.9989,0,-0.0814,0.9967,0.0074,0,4.1336,0.7197,94.602,1]},
{"frame":195,"values":[0.9956,0.0821,-0.0456,0,0.046,-0.0034,0.9989,0,-0.0819,0.9966,0.0072,0,4.1364,0.714,94.6033,1]},
{"frame":196,"values":[0.9956,0.0826,-0.0453,0,0.0457,-0.0031,0.999,0,-0.0823,0.9966,0.0069,0,4.1408,0.7079,94.6049,1]},
{"frame":197,"values":[0.9955,0.0828,-0.0449,0,0.0453,-0.003,0.999,0,-0.0826,0.9966,0.0067,0,4.1467,0.6992,94.607,1]},
{"frame":198,"values":[0.9956,0.0829,-0.0447,0,0.0451,-0.0029,0.999,0,-0.0827,0.9966,0.0067,0,4.1539,0.6872,94.6097,1]},
{"frame":199,"values":[0.9956,0.0827,-0.0445,0,0.0449,-0.003,0.999,0,-0.0825,0.9966,0.0067,0,4.1623,0.6733,94.6125,1]},
{"frame":200,"values":[0.9956,0.0824,-0.0443,0,0.0447,-0.0031,0.999,0,-0.0822,0.9966,0.0068,0,4.1719,0.658,94.6146,1]},
{"frame":201,"values":[0.9956,0.0821,-0.0442,0,0.0446,-0.0033,0.999,0,-0.0819,0.9966,0.0069,0,4.1829,0.6412,94.6162,1]},
{"frame":202,"values":[0.9957,0.0817,-0.0441,0,0.0445,-0.0034,0.999,0,-0.0815,0.9967,0.0071,0,4.1951,0.6247,94.6174,1]},
{"frame":203,"values":[0.9957,0.0814,-0.044,0,0.0445,-0.0037,0.999,0,-0.0811,0.9967,0.0073,0,4.2085,0.6094,94.6181,1]},
{"frame":204,"values":[0.9957,0.0812,-0.0441,0,0.0446,-0.0039,0.999,0,-0.081,0.9967,0.0075,0,4.2228,0.593,94.6183,1]},
{"frame":205,"values":[0.9957,0.0813,-0.0444,0,0.0448,-0.0041,0.999,0,-0.081,0.9967,0.0077,0,4.2376,0.574,94.6182,1]},
{"frame":206,"values":[0.9957,0.0814,-0.0447,0,0.0452,-0.0043,0.999,0,-0.0811,0.9967,0.008,0,4.2532,0.5547,94.6182,1]},
{"frame":207,"values":[0.9956,0.0816,-0.045,0,0.0456,-0.0046,0.999,0,-0.0813,0.9967,0.0082,0,4.27,0.5356,94.6183,1]},
{"frame":208,"values":[0.9956,0.0819,-0.0452,0,0.0458,-0.0047,0.9989,0,-0.0816,0.9966,0.0085,0,4.2886,0.5138,94.6183,1]},
{"frame":209,"values":[0.9956,0.0824,-0.0453,0,0.0459,-0.0049,0.9989,0,-0.0821,0.9966,0.0087,0,4.3089,0.4879,94.6183,1]},
{"frame":210,"values":[0.9955,0.0828,-0.0454,0,0.046,-0.0052,0.9989,0,-0.0825,0.9966,0.009,0,4.3296,0.4591,94.6182,1]},
{"frame":211,"values":[0.9955,0.0828,-0.0455,0,0.0461,-0.0055,0.9989,0,-0.0824,0.9966,0.0093,0,4.3505,0.4282,94.618,1]},
{"frame":212,"values":[0.9955,0.0824,-0.0457,0,0.0463,-0.006,0.9989,0,-0.0821,0.9966,0.0098,0,4.3715,0.3958,94.6177,1]},
{"frame":213,"values":[0.9956,0.082,-0.0458,0,0.0465,-0.0064,0.9989,0,-0.0816,0.9966,0.0102,0,4.3927,0.3649,94.6173,1]},
{"frame":214,"values":[0.9956,0.0817,-0.0458,0,0.0465,-0.0068,0.9989,0,-0.0813,0.9966,0.0106,0,4.4144,0.3388,94.6169,1]},
{"frame":215,"values":[0.9956,0.0817,-0.0458,0,0.0465,-0.0071,0.9989,0,-0.0813,0.9966,0.0109,0,4.4365,0.318,94.6167,1]},
{"frame":216,"values":[0.9956,0.0817,-0.0457,0,0.0464,-0.0073,0.9989,0,-0.0813,0.9966,0.0111,0,4.4584,0.3006,94.6165,1]},
{"frame":217,"values":[0.9956,0.0815,-0.0456,0,0.0463,-0.0076,0.9989,0,-0.081,0.9966,0.0113,0,4.4793,0.2854,94.6163,1]},
{"frame":218,"values":[0.9957,0.0808,-0.0455,0,0.0462,-0.0079,0.9989,0,-0.0803,0.9967,0.0116,0,4.4992,0.2722,94.616,1]},
{"frame":219,"values":[0.9958,0.08,-0.0454,0,0.0462,-0.0081,0.9989,0,-0.0795,0.9968,0.0118,0,4.5183,0.2612,94.6156,1]},
{"frame":220,"values":[0.9958,0.0792,-0.0453,0,0.0461,-0.0083,0.9989,0,-0.0788,0.9968,0.012,0,4.5367,0.252,94.6152,1]},
{"frame":221,"values":[0.9959,0.0786,-0.0453,0,0.0461,-0.0085,0.9989,0,-0.0781,0.9969,0.0121,0,4.5542,0.2445,94.6149,1]},
{"frame":222,"values":[0.9959,0.078,-0.0453,0,0.0461,-0.0088,0.9989,0,-0.0776,0.9969,0.0123,0,4.5705,0.2397,94.6143,1]},
{"frame":223,"values":[0.996,0.0776,-0.0454,0,0.0462,-0.009,0.9989,0,-0.0771,0.9969,0.0126,0,4.5858,0.2379,94.6137,1]},
{"frame":224,"values":[0.996,0.0773,-0.0454,0,0.0462,-0.0093,0.9989,0,-0.0767,0.997,0.0129,0,4.6006,0.2376,94.6129,1]},
{"frame":225,"values":[0.996,0.0771,-0.0454,0,0.0463,-0.0096,0.9989,0,-0.0766,0.997,0.0131,0,4.6147,0.2366,94.6121,1]},
{"frame":226,"values":[0.996,0.0771,-0.0454,0,0.0463,-0.0099,0.9989,0,-0.0766,0.997,0.0134,0,4.628,0.2345,94.6112,1]},
{"frame":227,"values":[0.996,0.0772,-0.0454,0,0.0463,-0.0101,0.9989,0,-0.0766,0.997,0.0136,0,4.6406,0.2316,94.6103,1]},
{"frame":228,"values":[0.996,0.0773,-0.0453,0,0.0462,-0.0102,0.9989,0,-0.0767,0.997,0.0137,0,4.6524,0.228,94.6095,1]},
{"frame":229,"values":[0.996,0.0775,-0.0453,0,0.0462,-0.01,0.9989,0,-0.077,0.9969,0.0136,0,4.6635,0.2241,94.6088,1]},
{"frame":230,"values":[0.9959,0.078,-0.0452,0,0.0461,-0.0098,0.9989,0,-0.0774,0.9969,0.0134,0,4.6739,0.2205,94.608,1]},
{"frame":231,"values":[0.9959,0.0785,-0.0452,0,0.0461,-0.0096,0.9989,0,-0.078,0.9969,0.0132,0,4.6832,0.2185,94.6072,1]},
{"frame":232,"values":[0.9958,0.079,-0.0452,0,0.0461,-0.0095,0.9989,0,-0.0785,0.9968,0.0131,0,4.6912,0.2202,94.6061,1]},
{"frame":233,"values":[0.9958,0.0794,-0.0453,0,0.0462,-0.0094,0.9989,0,-0.0789,0.9968,0.0131,0,4.6978,0.2262,94.6048,1]},
{"frame":234,"values":[0.9958,0.0797,-0.0455,0,0.0464,-0.0094,0.9989,0,-0.0792,0.9968,0.0131,0,4.7031,0.2354,94.6034,1]},
{"frame":235,"values":[0.9957,0.08,-0.0456,0,0.0465,-0.0094,0.9989,0,-0.0795,0.9967,0.0131,0,4.7074,0.2465,94.602,1]},
{"frame":236,"values":[0.9957,0.0803,-0.0457,0,0.0466,-0.0094,0.9989,0,-0.0798,0.9967,0.0131,0,4.711,0.2585,94.6005,1]},
{"frame":237,"values":[0.9957,0.0807,-0.0458,0,0.0467,-0.0095,0.9989,0,-0.0802,0.9967,0.0133,0,4.7138,0.2707,94.5988,1]},
{"frame":238,"values":[0.9957,0.0811,-0.0459,0,0.0468,-0.0097,0.9989,0,-0.0805,0.9967,0.0135,0,4.7159,0.281,94.5971,1]},
{"frame":239,"values":[0.9956,0.0815,-0.046,0,0.047,-0.0098,0.9988,0,-0.0809,0.9966,0.0136,0,4.7176,0.2875,94.5953,1]},
{"frame":240,"values":[0.9956,0.0818,-0.0462,0,0.0471,-0.0099,0.9988,0,-0.0813,0.9966,0.0137,0,4.719,0.2904,94.5937,1]},
{"frame":241,"values":[0.9956,0.082,-0.0461,0,0.047,-0.0098,0.9988,0,-0.0814,0.9966,0.0136,0,4.7205,0.2922,94.5926,1]},
{"frame":251,"values":[0.9924,0.11,-0.0553,0,0.062,-0.0588,0.9963,0,-0.1063,0.9922,0.0652,0,0.2727,0.4321,94.6578,1]},
{"frame":252,"values":[0.9979,0.0418,-0.0505,0,0.0525,-0.0495,0.9974,0,-0.0392,0.9979,0.0516,0,0.1296,-0.2589,94.4893,1]},
{"frame":253,"values":[0.9983,-0.0325,-0.0482,0,0.0468,-0.0435,0.998,0,0.0345,0.9985,0.0419,0,-0.1549,-0.9933,94.2597,1]},
{"frame":254,"values":[0.9934,-0.1057,-0.0443,0,0.0402,-0.0407,0.9984,0,0.1073,0.9936,0.0362,0,-0.6142,-1.8668,94.232,1]},
{"frame":255,"values":[0.9844,-0.1718,-0.0392,0,0.0327,-0.0403,0.9987,0,0.1732,0.9843,0.0341,0,-1.2378,-2.8171,94.3927,1]},
{"frame":256,"values":[0.9728,-0.229,-0.036,0,0.0271,-0.042,0.9987,0,0.2303,0.9725,0.0347,0,-1.9322,-3.768,94.4947,1]},
{"frame":257,"values":[0.96,-0.2775,-0.038,0,0.0262,-0.0461,0.9986,0,0.2788,0.9596,0.0369,0,-2.5943,-4.6811,94.4072,1]},
{"frame":258,"values":[0.9463,-0.3203,-0.044,0,0.0291,-0.0512,0.9983,0,0.322,0.9459,0.0392,0,-3.2058,-5.5691,94.1926,1]},
{"frame":259,"values":[0.9302,-0.3635,-0.0508,0,0.0322,-0.0571,0.9979,0,0.3656,0.9299,0.0414,0,-3.7554,-6.4525,93.9428,1]},
{"frame":260,"values":[0.9115,-0.4073,-0.057,0,0.0332,-0.0651,0.9973,0,0.4099,0.911,0.0458,0,-4.2,-7.2923,93.7439,1]},
{"frame":261,"values":[0.8928,-0.4464,-0.061,0,0.0308,-0.0746,0.9967,0,0.4495,0.8917,0.0528,0,-4.4643,-8.0601,93.6797,1]},
{"frame":262,"values":[0.8761,-0.4782,-0.0622,0,0.0255,-0.083,0.9962,0,0.4815,0.8743,0.0605,0,-4.4459,-8.7786,93.7256,1]},
{"frame":263,"values":[0.8599,-0.5068,-0.0603,0,0.0177,-0.0885,0.9959,0,0.5101,0.8575,0.0671,0,-4.2424,-9.4924,93.7639,1]},
{"frame":264,"values":[0.8402,-0.5398,-0.052,0,0.0045,-0.0888,0.996,0,0.5423,0.8371,0.0722,0,-4.1142,-10.1371,93.5923,1]},
{"frame":265,"values":[0.8136,-0.5795,-0.0471,0,-0.0073,-0.0912,0.9958,0,0.5814,0.8099,0.0784,0,-4.0973,-10.6334,93.3105,1]},
{"frame":266,"values":[0.7784,-0.6257,-0.0502,0,-0.015,-0.0985,0.995,0,0.6276,0.7738,0.086,0,-4.1118,-10.9667,93.1578,1]},
{"frame":267,"values":[0.7315,-0.6793,-0.0586,0,-0.0193,-0.1065,0.9941,0,0.6816,0.7261,0.091,0,-4.1581,-11.0707,93.2412,1]},
{"frame":268,"values":[0.6747,-0.7352,-0.0646,0,-0.0253,-0.1106,0.9935,0,0.7376,0.6687,0.0932,0,-4.2071,-10.8977,93.4507,1]},
{"frame":281,"values":[0.9924,-0.1098,-0.0551,0,0.0475,-0.071,0.9963,0,0.1134,0.9914,0.0652,0,0.3594,0.3615,94.6517,1]},
{"frame":282,"values":[0.9959,-0.0714,-0.0549,0,0.0502,-0.0657,0.9966,0,0.0748,0.9953,0.0618,0,0.9043,0.0097,94.394,1]},
{"frame":283,"values":[0.9979,-0.0351,-0.0538,0,0.0517,-0.0594,0.9969,0,0.0382,0.9976,0.0575,0,2.2162,-0.7175,93.9157,1]},
{"frame":284,"values":[0.9986,0,-0.0526,0,0.0525,-0.0528,0.9972,0,0.0027,0.9986,0.0527,0,3.9691,-1.3494,93.5582,1]},
{"frame":285,"values":[0.9979,0.0351,-0.0538,0,0.0554,-0.0461,0.9974,0,-0.0325,0.9983,0.0479,0,5.8558,-1.9343,93.556,1]},
{"frame":286,"values":[0.9959,0.071,-0.0553,0,0.0582,-0.0395,0.9975,0,-0.0686,0.9967,0.0435,0,7.4503,-2.4661,93.6343,1]},
{"frame":287,"values":[0.9925,0.1088,-0.0563,0,0.0603,-0.0336,0.9976,0,-0.1067,0.9935,0.0399,0,8.66,-2.8724,93.5808,1]},
{"frame":288,"values":[0.9871,0.1496,-0.0569,0,0.0619,-0.0287,0.9977,0,-0.1476,0.9883,0.0375,0,9.6203,-3.1846,93.4145,1]},
{"frame":289,"values":[0.9793,0.1942,-0.0566,0,0.0627,-0.0252,0.9977,0,-0.1923,0.9806,0.0369,0,10.3342,-3.4939,93.202,1]},
{"frame":290,"values":[0.9683,0.2434,-0.0563,0,0.0638,-0.0234,0.9977,0,-0.2415,0.9696,0.0382,0,10.8175,-3.8211,93.0371,1]},
{"frame":291,"values":[0.9508,0.3049,-0.054,0,0.065,-0.0261,0.9975,0,-0.3028,0.952,0.0447,0,11.0575,-4.2584,92.9827,1]},
{"frame":292,"values":[0.9297,0.3644,-0.0527,0,0.0687,-0.0312,0.9971,0,-0.3618,0.9307,0.054,0,10.9661,-4.8631,93.0745,1]},
{"frame":293,"values":[0.907,0.4175,-0.0547,0,0.0755,-0.0334,0.9966,0,-0.4143,0.908,0.0618,0,10.5916,-5.6071,93.1729,1]},
{"frame":294,"values":[0.8764,0.4776,-0.0618,0,0.0868,-0.0303,0.9958,0,-0.4737,0.878,0.068,0,10.1966,-6.4083,93.0983,1]},
{"frame":295,"values":[0.8332,0.5494,-0.0632,0,0.0946,-0.0291,0.9951,0,-0.5449,0.835,0.0762,0,9.8509,-7.1529,92.9688,1]},
{"frame":296,"values":[0.7732,0.6317,-0.0559,0,0.0978,-0.0317,0.9947,0,-0.6266,0.7745,0.0863,0,9.4872,-7.778,92.9156,1]},
{"frame":297,"values":[0.6894,0.7231,-0.0427,0,0.0969,-0.0336,0.9947,0,-0.7179,0.6899,0.0932,0,9.1247,-8.1761,93.0976,1]},
{"frame":298,"values":[0.5834,0.8116,-0.0313,0,0.0969,-0.0313,0.9948,0,-0.8064,0.5833,0.0969,0,8.7573,-8.2514,93.3841,1]},
{"frame":299,"values":[0.4643,0.8854,-0.0212,0,0.0987,-0.028,0.9947,0,-0.8802,0.4639,0.1004,0,8.2995,-8.0056,93.7161,1]},
{"frame":300,"values":[0.3543,0.9351,-0.0129,0,0.0978,-0.0234,0.9949,0,-0.93,0.3537,0.0997,0,7.6885,-7.552,94.0761,1]},
{"frame":301,"values":[0.2798,0.96,-0.0126,0,0.0953,-0.0147,0.9953,0,-0.9553,0.2797,0.0956,0,6.9352,-6.8935,94.3373,1]},
{"frame":302,"values":[0.2201,0.9754,-0.0149,0,0.0922,-0.0056,0.9957,0,-0.9711,0.2205,0.0912,0,5.9827,-6.0914,94.4444,1]},
{"frame":303,"values":[0.1662,0.9859,-0.0176,0,0.0885,0.0029,0.9961,0,-0.9821,0.1672,0.0868,0,4.8374,-5.1566,94.3827,1]},
{"frame":311,"values":[0.9982,-0.0484,-0.0348,0,0.0356,0.0161,0.9992,0,0.0478,0.9987,-0.0178,0,0.0394,0.3934,93.1063,1]},
{"frame":312,"values":[0.9991,-0.0245,-0.0345,0,0.0349,0.0169,0.9992,0,0.0239,0.9996,-0.0178,0,-0.0791,5.7759,93.7121,1]},
{"frame":313,"values":[0.9993,-0.0044,-0.0371,0,0.0372,0.0154,0.9992,0,0.0039,0.9999,-0.0156,0,-0.1642,11.0727,93.7701,1]},
{"frame":314,"values":[0.9992,0.0099,-0.0386,0,0.0384,0.0124,0.9992,0,-0.0104,0.9999,-0.012,0,-0.1882,16.5497,93.3844,1]},
{"frame":315,"values":[0.9991,0.0206,-0.0369,0,0.0367,0.0109,0.9993,0,-0.021,0.9997,-0.0101,0,-0.2032,21.8406,92.6694,1]},
{"frame":316,"values":[0.9989,0.0321,-0.0339,0,0.0335,0.0125,0.9994,0,-0.0325,0.9994,-0.0114,0,-0.1542,27.0553,91.757,1]},
{"frame":317,"values":[0.9984,0.046,-0.0326,0,0.0319,0.0149,0.9994,0,-0.0465,0.9988,-0.0134,0,-0.0106,32.3893,90.7349,1]},
{"frame":318,"values":[0.9977,0.0597,-0.0324,0,0.0315,0.015,0.9994,0,-0.0602,0.9981,-0.0131,0,0.2368,38.0995,89.5177,1]},
{"frame":319,"values":[0.9971,0.0699,-0.0299,0,0.029,0.0142,0.9995,0,-0.0703,0.9974,-0.0122,0,0.683,44.3287,88.1628,1]},
{"frame":320,"values":[0.9969,0.0748,-0.0236,0,0.0223,0.0175,0.9996,0,-0.0752,0.997,-0.0158,0,1.1379,50.7328,87.3738,1]},
{"frame":321,"values":[0.9972,0.0731,-0.0141,0,0.0123,0.0248,0.9996,0,-0.0734,0.997,-0.0239,0,1.6257,56.8738,87.1342,1]},
{"frame":322,"values":[0.9978,0.0654,-0.0058,0,0.0039,0.0292,0.9996,0,-0.0656,0.9974,-0.0289,0,2.0721,62.5484,87.2993,1]},
{"frame":323,"values":[0.9984,0.0564,-0.001,0,-0.0005,0.0263,0.9997,0,-0.0564,0.9981,-0.0263,0,2.5365,68.027,88.3486,1]},
{"frame":324,"values":[0.9988,0.0482,-0.0021,0,0.0012,0.0198,0.9998,0,-0.0483,0.9986,-0.0197,0,2.9256,73.4225,90.0116,1]},
{"frame":325,"values":[0.9993,0.0357,-0.0086,0,0.008,0.0153,0.9999,0,-0.0359,0.9992,-0.015,0,3.1732,78.7194,91.6512,1]},
{"frame":326,"values":[0.9998,0.0118,-0.0161,0,0.0159,0.0154,0.9998,0,-0.012,0.9998,-0.0152,0,3.3786,84.1828,93.1116,1]},
{"frame":327,"values":[0.9996,-0.0215,-0.018,0,0.0184,0.0199,0.9996,0,0.0212,0.9996,-0.0203,0,3.5159,89.343,93.9906,1]},
{"frame":328,"values":[0.9985,-0.0535,-0.011,0,0.0125,0.0264,0.9996,0,0.0532,0.9982,-0.027,0,3.5804,94.4266,94.181,1]},
{"frame":329,"values":[0.9971,-0.0757,0.0009,0,0.0015,0.0314,0.9995,0,0.0757,0.9966,-0.0314,0,3.6072,99.7138,93.7449,1]},
{"frame":330,"values":[0.996,-0.0885,0.0114,0,-0.0085,0.0334,0.9994,0,0.0888,0.9955,-0.0326,0,3.646,105.0481,92.803,1]},
{"frame":331,"values":[0.995,-0.0982,0.018,0,-0.0148,0.0338,0.9993,0,0.0987,0.9946,-0.0322,0,3.6447,110.3858,91.657,1]},
{"frame":332,"values":[0.9936,-0.1105,0.0222,0,-0.0185,0.0347,0.9992,0,0.1112,0.9933,-0.0325,0,3.5978,115.8146,90.2512,1]},
{"frame":333,"values":[0.9917,-0.1263,0.0251,0,-0.0205,0.0373,0.9991,0,0.1271,0.9913,-0.0343,0,3.4461,121.2688,88.836,1]},
{"frame":334,"values":[0.9897,-0.141,0.0243,0,-0.0186,0.0412,0.999,0,0.1419,0.9892,-0.0382,0,3.0642,127.1701,87.5953,1]},
{"frame":341,"values":[1,0.0092,-0.0021,0,0.0028,-0.0683,0.9977,0,-0.0091,0.9976,0.0683,0,0.2403,0.3276,93.2227,1]},
{"frame":342,"values":[0.9999,-0.0025,-0.0103,0,0.01,-0.0793,0.9968,0,0.0033,0.9968,0.0793,0,0.1157,-2.5962,93.2052,1]},
{"frame":343,"values":[0.9998,-0.0112,-0.0189,0,0.0179,-0.0856,0.9962,0,0.0128,0.9963,0.0853,0,0.0563,-5.6049,93.0137,1]},
{"frame":344,"values":[0.9995,-0.0186,-0.0263,0,0.0246,-0.0891,0.9957,0,0.0208,0.9959,0.0886,0,0.1151,-8.6914,92.6785,1]},
{"frame":345,"values":[0.9992,-0.0259,-0.032,0,0.0296,-0.0882,0.9957,0,0.0287,0.9958,0.0874,0,0.2677,-11.9235,92.286,1]},
{"frame":346,"values":[0.9988,-0.0362,-0.0338,0,0.0306,-0.0857,0.9959,0,0.039,0.9957,0.0845,0,0.5176,-15.296,91.7665,1]},
{"frame":347,"values":[0.9981,-0.0543,-0.0297,0,0.0253,-0.0794,0.9965,0,0.0565,0.9954,0.0779,0,0.9188,-18.9058,91.0699,1]},
{"frame":348,"values":[0.9966,-0.079,-0.0228,0,0.0178,-0.0637,0.9978,0,0.0803,0.9948,0.0621,0,1.4465,-22.907,90.439,1]},
{"frame":349,"values":[0.9942,-0.1066,-0.0114,0,0.0069,-0.0423,0.9991,0,0.107,0.9934,0.0413,0,2.0833,-27.3572,89.9241,1]},
{"frame":350,"values":[0.9916,-0.1294,0.0052,0,-0.0082,-0.0225,0.9997,0,0.1292,0.9913,0.0234,0,2.8053,-32.205,89.5826,1]},
{"frame":351,"values":[0.9897,-0.1406,0.0256,0,-0.0269,-0.0071,0.9996,0,0.1404,0.99,0.0108,0,3.5724,-37.3427,89.5036,1]},
{"frame":352,"values":[0.9896,-0.1389,0.0384,0,-0.0388,0.0001,0.9992,0,0.1388,0.9903,0.0053,0,4.1302,-42.5938,89.6021,1]},
{"frame":353,"values":[0.9907,-0.1293,0.0414,0,-0.0424,-0.0047,0.9991,0,0.129,0.9916,0.0102,0,4.505,-47.5585,89.7961,1]},
{"frame":354,"values":[0.9921,-0.1186,0.0411,0,-0.0432,-0.0156,0.9989,0,0.1179,0.9928,0.0206,0,4.8464,-51.8639,89.9983,1]},
{"frame":355,"values":[0.9932,-0.1117,0.0339,0,-0.0369,-0.0252,0.999,0,0.1107,0.9934,0.0291,0,5.1126,-55.6505,90.432,1]},
{"frame":356,"values":[0.9938,-0.1097,0.0203,0,-0.0239,-0.0316,0.9992,0,0.109,0.9935,0.034,0,5.1966,-59.1299,91.1113,1]},
{"frame":357,"values":[0.9943,-0.1063,0.0079,0,-0.0119,-0.0369,0.9992,0,0.1059,0.9937,0.0379,0,5.1517,-62.4505,91.8135,1]},
{"frame":358,"values":[0.9951,-0.0988,0.0023,0,-0.0063,-0.0403,0.9992,0,0.0987,0.9943,0.0408,0,5.1326,-65.7307,92.3355,1]},
{"frame":359,"values":[0.9957,-0.0921,0.0017,0,-0.0057,-0.0429,0.9991,0,0.0919,0.9948,0.0432,0,5.1476,-68.9257,92.5876,1]},
{"frame":360,"values":[0.9963,-0.086,0.0043,0,-0.0085,-0.0483,0.9988,0,0.0857,0.9951,0.0488,0,5.1676,-72.0132,92.5807,1]},
{"frame":361,"values":[0.9968,-0.08,0.0095,0,-0.014,-0.0559,0.9983,0,0.0793,0.9952,0.0569,0,5.1567,-75.0817,92.3169,1]},
{"frame":362,"values":[0.997,-0.0765,0.0144,0,-0.0193,-0.0632,0.9978,0,0.0754,0.9951,0.0645,0,5.0634,-78.1891,91.8327,1]},
{"frame":363,"values":[0.997,-0.075,0.0176,0,-0.0225,-0.0644,0.9977,0,0.0736,0.9951,0.0659,0,4.8425,-81.3892,91.2757,1]},
{"frame":364,"values":[0.997,-0.0748,0.0189,0,-0.0233,-0.0588,0.998,0,0.0735,0.9955,0.0604,0,4.5111,-84.7287,90.7012,1]},
{"frame":365,"values":[0.9974,-0.0705,0.0177,0,-0.0212,-0.0504,0.9985,0,0.0695,0.9962,0.0518,0,4.04,-88.2411,90.0826,1]},
