{"producer":{"name":"Blender","version":"2.90.1","exporter_version":"6.4.5","file":"paladin.babylon"},
"autoClear":true,"clearColor":[0.0509,0.0509,0.0509],"gravity":[0,-9.81,0],
"materials":[{"name":"Material","id":"Material","customType":"BABYLON.PBRMaterial","backFaceCulling":true,"checkReadyOnlyOnce":false,"maxSimultaneousLights":4,"environmentIntensity":1,"albedo":[0.8,0.8,0.8],"reflectivity":[0.5,0.5,0.5],"roughness":0.4,"alpha":1,"transparencyMode":0,"alphaCutOff":0.4,"metallic":0}],
"multiMaterials":[],
"skeletons":[{"name":"Character","id":0,"dimensionsAtRest":[0.8795,0.9536,0.1607],"bones":[
{"name":"Hips","index":0,"matrix":[1,0,0,0,0,1,0,0,0,0,-1,0,0.0009,0.4755,0.0291,1],"rest":[1,0,0,0,0,1,0,0,0,0,-1,0,0.0002,0.4779,-0.0025,1],"parentBoneIndex":-1,"length":0.0559
,"animation":{"dataType":3,"framePerSecond":30,"keys":[
{"frame":1,"values":[0.3733,-0.2016,-0.9055,0,0.5012,0.8652,0.014,0,-0.7807,0.4591,-0.4241,0,0.3413,-21.8018,0.9835,1]},
{"frame":2,"values":[0.3748,-0.1467,-0.9154,0,0.4587,0.8874,0.0456,0,-0.8057,0.437,-0.3999,0,0.5411,-20.7286,0.4963,1]},
{"frame":3,"values":[0.4349,-0.0932,-0.8956,0,0.3792,0.9211,0.0883,0,-0.8167,0.378,-0.436,0,2.0281,-17.7433,0.8773,1]},
{"frame":4,"values":[0.5309,-0.0614,-0.8452,0,0.2977,0.9473,0.1182,0,-0.7934,0.3144,-0.5212,0,4.4383,-13.9769,1.8352,1]},
{"frame":5,"values":[0.6388,-0.0433,-0.7682,0,0.2306,0.9633,0.1374,0,-0.734,0.2649,-0.6253,0,7.2831,-10.6114,3.1175,1]},
{"frame":6,"values":[0.7435,-0.0227,-0.6683,0,0.1748,0.9713,0.1615,0,-0.6455,0.237,-0.7261,0,10.1271,-8.6003,4.7491,1]},
{"frame":7,"values":[0.8241,0.0029,-0.5664,0,0.1292,0.9727,0.1929,0,-0.5515,0.2322,-0.8012,0,12.6929,-8.0064,6.4706,1]},
{"frame":8,"values":[0.8826,0.0202,-0.4697,0,0.0852,0.9756,0.2022,0,-0.4623,0.2185,-0.8594,0,15.0498,-8.6584,8.1275,1]},
{"frame":9,"values":[0.9215,0.0316,-0.387,0,0.0499,0.9788,0.1986,0,-0.385,0.2024,-0.9004,0,17.3835,-10.2187,9.6794,1]},
{"frame":10,"values":[0.9428,0.0321,-0.3318,0,0.0401,0.9772,0.2084,0,-0.3309,0.2098,-0.92,0,19.6721,-12.1387,11.0016,1]},
{"frame":11,"values":[0.9548,0.0297,-0.2957,0,0.0381,0.9745,0.221,0,-0.2948,0.2223,-0.9294,0,21.8532,-13.7605,11.6015,1]},
{"frame":12,"values":[0.9633,0.0345,-0.2663,0,0.0315,0.9704,0.2395,0,-0.2667,0.2391,-0.9336,0,24.5952,-14.294,11.4433,1]},
{"frame":13,"values":[0.9678,0.048,-0.2469,0,0.0125,0.9712,0.2379,0,-0.2513,0.2333,-0.9394,0,27.9187,-13.6589,10.5146,1]},
{"frame":14,"values":[0.9717,0.0667,-0.2266,0,-0.0145,0.9743,0.2246,0,-0.2358,0.215,-0.9477,0,31.8423,-11.9328,9.0891,1]},
{"frame":15,"values":[0.9748,0.0832,-0.2071,0,-0.0386,0.9768,0.2108,0,-0.2198,0.1975,-0.9553,0,36.4165,-9.4468,7.4963,1]},
{"frame":16,"values":[0.9772,0.0974,-0.1885,0,-0.0595,0.9786,0.1971,0,-0.2036,0.1814,-0.9621,0,41.6023,-6.9851,5.9923,1]},
{"frame":17,"values":[0.9733,0.1034,-0.2047,0,-0.068,0.9826,0.173,0,-0.2191,0.1545,-0.9634,0,46.8482,-5.832,4.9783,1]},
{"frame":18,"values":[0.964,0.101,-0.246,0,-0.0669,0.9874,0.1432,0,-0.2574,0.1216,-0.9586,0,52.4362,-5.3493,4.3074,1]},
{"frame":19,"values":[0.9496,0.0836,-0.302,0,-0.053,0.9927,0.1084,0,-0.3089,0.0869,-0.9471,0,58.2381,-5.6758,3.7947,1]},
{"frame":20,"values":[0.9379,0.0676,-0.3402,0,-0.0475,0.9966,0.0671,0,-0.3436,0.0468,-0.9379,0,64.0975,-6.6683,3.5699,1]},
{"frame":21,"values":[0.933,0.0565,-0.3555,0,-0.0501,0.9984,0.0271,0,-0.3564,0.0075,-0.9343,0,69.0801,-9.888,3.3025,1]},
{"frame":22,"values":[0.9327,0.0455,-0.3577,0,-0.0528,0.9986,-0.0106,0,-0.3567,-0.0288,-0.9338,0,74.2072,-13.4152,3.3019,1]},
{"frame":23,"values":[0.9404,0.0357,-0.3383,0,-0.0468,0.9986,-0.0249,0,-0.3369,-0.0393,-0.9407,0,79.661,-17.3289,3.8117,1]},
{"frame":24,"values":[0.9535,0.015,-0.3009,0,-0.0257,0.9992,-0.0316,0,-0.3002,-0.0379,-0.9531,0,84.7528,-21.4875,4.6863,1]},
{"frame":25,"values":[0.9695,-0.0061,-0.2449,0,-0.0013,0.9995,-0.03,0,-0.245,-0.0294,-0.9691,0,88.6102,-25.5801,5.5663,1]},
{"frame":26,"values":[0.9803,-0.0429,-0.1928,0,0.0399,0.999,-0.0194,0,-0.1935,-0.0113,-0.981,0,90.8353,-28.1139,6.4873,1]},
{"frame":27,"values":[0.9857,-0.0779,-0.1492,0,0.0767,0.997,-0.0141,0,-0.1498,-0.0024,-0.9887,0,91.1008,-28.905,7.232,1]},
{"frame":28,"values":[0.9936,-0.0842,-0.0747,0,0.0815,0.9959,-0.0381,0,-0.0776,-0.0318,-0.9965,0,89.2339,-27.9453,7.5447,1]},
{"frame":29,"values":[0.9968,-0.0695,0.0402,0,0.0734,0.9916,-0.1069,0,0.0324,-0.1095,-0.9935,0,85.5231,-25.5398,7.5268,1]},
{"frame":30,"values":[0.9811,-0.0283,0.1916,0,0.0735,0.9696,-0.2333,0,0.1792,-0.243,-0.9533,0,81.4765,-22.9032,7.1894,1]},
{"frame":31,"values":[0.9398,-0.0125,0.3415,0,0.1365,0.9299,-0.3417,0,0.3133,-0.3677,-0.8756,0,78.6043,-22.3079,5.6049,1]},
{"frame":32,"values":[0.9023,-0.0234,0.4306,0,0.209,0.8971,-0.3892,0,0.3772,-0.4412,-0.8143,0,74.8252,-22.9429,3.9365,1]},
{"frame":33,"values":[0.8729,-0.0407,0.4863,0,0.2678,0.873,-0.4077,0,0.4079,-0.4861,-0.7729,0,71.7079,-24.3902,2.3483,1]},
{"frame":34,"values":[0.8382,-0.0843,0.5387,0,0.344,0.8484,-0.4025,0,0.4231,-0.5227,-0.7401,0,69.0413,-25.8798,0.3814,1]},
{"frame":35,"values":[0.7869,-0.1525,0.5979,0,0.4479,0.8076,-0.3836,0,0.4244,-0.5697,-0.7038,0,67.7444,-28.6063,-0.8398,1]},
{"frame":36,"values":[0.7348,-0.2424,0.6335,0,0.5529,0.7551,-0.3524,0,0.3929,-0.6092,-0.6888,0,67.1115,-31.8446,-2.3824,1]},
{"frame":37,"values":[0.6743,-0.3728,0.6375,0,0.6564,0.6982,-0.286,0,0.3385,-0.6112,-0.7154,0,67.3248,-35.3486,-4.3891,1]},
{"frame":38,"values":[0.628,-0.4998,0.5964,0,0.7286,0.6469,-0.225,0,0.2734,-0.5759,-0.7705,0,67.9185,-38.8466,-6.6845,1]},
{"frame":39,"values":[0.5545,-0.6543,0.5143,0,0.8064,0.5751,-0.1378,0,0.2056,-0.4912,-0.8465,0,68.3526,-41.5714,-8.9999,1]},
{"frame":40,"values":[0.4423,-0.8103,0.3844,0,0.8807,0.4734,-0.0156,0,0.1693,-0.3455,-0.923,0,68.6137,-43.3096,-11.417,1]},
{"frame":41,"values":[0.3452,-0.9041,0.252,0,0.9055,0.3914,0.1638,0,0.2467,-0.1717,-0.9538,0,69.1939,-44.4468,-13.6414,1]},
{"frame":42,"values":[0.291,-0.9494,0.1184,0,0.8934,0.3139,0.3214,0,0.3423,-0.0122,-0.9395,0,69.4367,-46.2579,-16.253,1]},
{"frame":43,"values":[0.2775,-0.9607,-0.0062,0,0.8585,0.2451,0.4504,0,0.4311,0.1303,-0.8928,0,69.7694,-48.692,-19.066,1]},
{"frame":44,"values":[0.2879,-0.9442,-0.1598,0,0.7905,0.1401,0.5963,0,0.5406,0.298,-0.7867,0,69.9689,-51.9764,-22.9203,1]},
{"frame":45,"values":[0.3907,-0.8715,-0.2964,0,0.6817,0.0575,0.7294,0,0.6186,0.4871,-0.6165,0,70.5948,-55.4035,-27.7564,1]},
{"frame":46,"values":[0.4955,-0.7754,-0.3916,0,0.5383,-0.0798,0.839,0,0.6818,0.6265,-0.3778,0,71.0313,-58.8409,-33.1552,1]},
{"frame":47,"values":[0.6366,-0.6519,-0.412,0,0.3764,-0.2037,0.9038,0,0.6731,0.7305,-0.1157,0,72.5284,-61.8789,-39.5256,1]},
{"frame":48,"values":[0.7753,-0.5384,-0.3301,0,0.2146,-0.267,0.9395,0,0.594,0.7992,0.0914,0,77.2319,-63.306,-47.7179,1]},
{"frame":49,"values":[0.8858,-0.4174,-0.2029,0,0.0579,-0.3344,0.9407,0,0.4604,0.845,0.272,0,81.9426,-63.8379,-50.9898,1]},
{"frame":50,"values":[0.9507,-0.3067,-0.0468,0,-0.0853,-0.4035,0.911,0,0.2983,0.8621,0.4097,0,84.3851,-61.6362,-54.1082,1]},
{"frame":51,"values":[0.9815,-0.1101,0.1564,0,-0.1886,-0.4204,0.8875,0,0.032,0.9006,0.4334,0,85.8227,-61.2501,-56.7802,1]},
{"frame":61,"values":[0.9956,-0.0461,-0.082,0,0.047,0.9988,0.0098,0,-0.0814,0.0136,-0.9966,0,4.6871,-0.5115,0.2028,1]},
{"frame":62,"values":[0.9955,-0.0459,-0.0825,0,0.0468,0.9989,0.0097,0,-0.0819,0.0135,-0.9965,0,4.6894,-0.5116,0.206,1]},
{"frame":63,"values":[0.9955,-0.0459,-0.0828,0,0.0468,0.9989,0.0096,0,-0.0823,0.0134,-0.9965,0,4.6913,-0.5119,0.2064,1]},
{"frame":64,"values":[0.9955,-0.0458,-0.083,0,0.0468,0.9989,0.0096,0,-0.0825,0.0134,-0.9965,0,4.6936,-0.5122,0.2064,1]},
{"frame":65,"values":[0.9955,-0.0458,-0.083,0,0.0468,0.9989,0.0096,0,-0.0825,0.0134,-0.9965,0,4.6965,-0.5125,0.2063,1]},
{"frame":66,"values":[0.9955,-0.0458,-0.0831,0,0.0468,0.9989,0.0094,0,-0.0825,0.0133,-0.9965,0,4.7002,-0.5128,0.206,1]},
{"frame":67,"values":[0.9955,-0.0458,-0.0831,0,0.0468,0.9989,0.0093,0,-0.0826,0.0132,-0.9965,0,4.7045,-0.5131,0.2053,1]},
{"frame":68,"values":[0.9955,-0.0458,-0.0831,0,0.0467,0.9989,0.0093,0,-0.0826,0.0131,-0.9965,0,4.7097,-0.5135,0.2041,1]},
{"frame":69,"values":[0.9955,-0.0458,-0.0832,0,0.0467,0.9989,0.0093,0,-0.0827,0.0132,-0.9965,0,4.7156,-0.514,0.2024,1]},
{"frame":70,"values":[0.9955,-0.0458,-0.0834,0,0.0468,0.9989,0.0093,0,-0.0828,0.0132,-0.9965,0,4.7223,-0.5146,0.2003,1]},
{"frame":71,"values":[0.9955,-0.0459,-0.0835,0,0.0469,0.9989,0.0093,0,-0.0829,0.0132,-0.9965,0,4.7297,-0.5152,0.1981,1]},
{"frame":72,"values":[0.9955,-0.0461,-0.0833,0,0.047,0.9988,0.0094,0,-0.0828,0.0133,-0.9965,0,4.7369,-0.5158,0.1911,1]},
{"frame":73,"values":[0.9955,-0.0463,-0.0829,0,0.0473,0.9988,0.0096,0,-0.0823,0.0135,-0.9965,0,4.744,-0.5165,0.1842,1]},
{"frame":74,"values":[0.9955,-0.0466,-0.0824,0,0.0476,0.9988,0.0098,0,-0.0818,0.0137,-0.9966,0,4.7517,-0.5172,0.1781,1]},
{"frame":75,"values":[0.9955,-0.0468,-0.0822,0,0.0478,0.9988,0.01,0,-0.0816,0.0139,-0.9966,0,4.7608,-0.5178,0.1721,1]},
{"frame":76,"values":[0.9955,-0.047,-0.0821,0,0.048,0.9988,0.0101,0,-0.0816,0.014,-0.9966,0,4.7716,-0.5184,0.1646,1]},
{"frame":77,"values":[0.9955,-0.0471,-0.0823,0,0.048,0.9988,0.0101,0,-0.0817,0.014,-0.9966,0,4.7843,-0.5189,0.1547,1]},
{"frame":78,"values":[0.9955,-0.047,-0.0827,0,0.048,0.9988,0.0101,0,-0.0821,0.0141,-0.9965,0,4.7987,-0.5193,0.1414,1]},
{"frame":79,"values":[0.9954,-0.0469,-0.0833,0,0.0479,0.9988,0.0102,0,-0.0827,0.0141,-0.9965,0,4.8145,-0.5197,0.1248,1]},
{"frame":80,"values":[0.9954,-0.0468,-0.0842,0,0.0478,0.9988,0.0102,0,-0.0836,0.0142,-0.9964,0,4.8311,-0.5201,0.1073,1]},
{"frame":81,"values":[0.9952,-0.0468,-0.0853,0,0.0479,0.9988,0.0103,0,-0.0848,0.0143,-0.9963,0,4.848,-0.5206,0.0937,1]},
{"frame":82,"values":[0.9951,-0.047,-0.0869,0,0.0481,0.9988,0.0105,0,-0.0863,0.0147,-0.9962,0,4.8653,-0.5212,0.0907,1]},
{"frame":83,"values":[0.9949,-0.0473,-0.0889,0,0.0485,0.9988,0.0108,0,-0.0883,0.0151,-0.996,0,4.8833,-0.5218,0.0871,1]},
{"frame":84,"values":[0.9947,-0.0477,-0.0909,0,0.0489,0.9987,0.011,0,-0.0903,0.0154,-0.9958,0,4.9014,-0.5222,0.0836,1]},
{"frame":85,"values":[0.9945,-0.0482,-0.0925,0,0.0494,0.9987,0.011,0,-0.0918,0.0155,-0.9957,0,4.919,-0.5223,0.0807,1]},
{"frame":86,"values":[0.9944,-0.0487,-0.0934,0,0.0499,0.9987,0.0109,0,-0.0928,0.0155,-0.9956,0,4.9357,-0.5221,0.0787,1]},
{"frame":87,"values":[0.9944,-0.0493,-0.0938,0,0.0505,0.9987,0.0109,0,-0.0931,0.0156,-0.9955,0,4.9515,-0.5218,0.0777,1]},
{"frame":88,"values":[0.9943,-0.0498,-0.0938,0,0.0511,0.9986,0.011,0,-0.0931,0.0158,-0.9955,0,4.9665,-0.5215,0.0779,1]},
{"frame":89,"values":[0.9943,-0.0503,-0.0935,0,0.0516,0.9986,0.0113,0,-0.0928,0.016,-0.9956,0,4.981,-0.5211,0.0797,1]},
{"frame":90,"values":[0.9944,-0.0507,-0.0932,0,0.052,0.9986,0.0115,0,-0.0924,0.0162,-0.9956,0,4.9949,-0.5206,0.083,1]},
{"frame":91,"values":[0.9944,-0.0512,-0.0928,0,0.0525,0.9986,0.0116,0,-0.0921,0.0164,-0.9956,0,5.0081,-0.52,0.0875,1]},
{"frame":92,"values":[0.9944,-0.0517,-0.0924,0,0.053,0.9985,0.0118,0,-0.0917,0.0166,-0.9957,0,5.0204,-0.5194,0.0934,1]},
{"frame":93,"values":[0.9944,-0.0523,-0.0921,0,0.0536,0.9985,0.0118,0,-0.0913,0.0167,-0.9957,0,5.0321,-0.5187,0.1008,1]},
{"frame":94,"values":[0.9944,-0.053,-0.0917,0,0.0543,0.9985,0.0117,0,-0.091,0.0167,-0.9957,0,5.043,-0.518,0.1097,1]},
{"frame":95,"values":[0.9944,-0.0536,-0.0914,0,0.0549,0.9984,0.0117,0,-0.0907,0.0167,-0.9957,0,5.0531,-0.5172,0.1199,1]},
{"frame":96,"values":[0.9944,-0.0541,-0.0912,0,0.0554,0.9984,0.0117,0,-0.0904,0.0167,-0.9958,0,5.0623,-0.5164,0.131,1]},
{"frame":97,"values":[0.9944,-0.0546,-0.0909,0,0.0559,0.9984,0.0118,0,-0.0901,0.0168,-0.9958,0,5.0706,-0.5156,0.1428,1]},
{"frame":98,"values":[0.9944,-0.0549,-0.0905,0,0.0562,0.9983,0.0119,0,-0.0897,0.0169,-0.9958,0,5.0778,-0.5148,0.1552,1]},
{"frame":99,"values":[0.9944,-0.0552,-0.0902,0,0.0565,0.9983,0.0119,0,-0.0894,0.0169,-0.9959,0,5.084,-0.5141,0.168,1]},
{"frame":100,"values":[0.9944,-0.0554,-0.09,0,0.0567,0.9983,0.0119,0,-0.0892,0.0169,-0.9959,0,5.0892,-0.5135,0.1811,1]},
{"frame":101,"values":[0.9944,-0.0555,-0.0902,0,0.0568,0.9983,0.0119,0,-0.0894,0.017,-0.9959,0,5.0942,-0.5129,0.1946,1]},
{"frame":102,"values":[0.9943,-0.0555,-0.0907,0,0.0568,0.9983,0.0119,0,-0.0899,0.0169,-0.9958,0,5.0993,-0.5123,0.2085,1]},
{"frame":103,"values":[0.9943,-0.0553,-0.0914,0,0.0566,0.9983,0.0118,0,-0.0906,0.0169,-0.9957,0,5.1037,-0.5118,0.2228,1]},
{"frame":104,"values":[0.9942,-0.0551,-0.0922,0,0.0564,0.9983,0.0117,0,-0.0914,0.0169,-0.9957,0,5.1065,-0.5113,0.2376,1]},
{"frame":105,"values":[0.9941,-0.0549,-0.0933,0,0.0563,0.9983,0.0116,0,-0.0925,0.0168,-0.9956,0,5.1141,-0.5107,0.2527,1]},
{"frame":106,"values":[0.994,-0.0547,-0.0948,0,0.0561,0.9984,0.0115,0,-0.094,0.0167,-0.9954,0,5.1189,-0.5102,0.2682,1]},
{"frame":107,"values":[0.9938,-0.0545,-0.0966,0,0.0559,0.9984,0.0113,0,-0.0959,0.0167,-0.9953,0,5.1212,-0.5098,0.2841,1]},
{"frame":108,"values":[0.9937,-0.0544,-0.0983,0,0.0557,0.9984,0.0113,0,-0.0975,0.0167,-0.9951,0,5.124,-0.5094,0.3003,1]},
{"frame":109,"values":[0.9936,-0.0543,-0.0991,0,0.0557,0.9984,0.0114,0,-0.0984,0.0168,-0.995,0,5.1249,-0.5094,0.3167,1]},
{"frame":110,"values":[0.9936,-0.0544,-0.0992,0,0.0559,0.9984,0.0116,0,-0.0984,0.0171,-0.995,0,5.124,-0.5097,0.3333,1]},
{"frame":111,"values":[0.9936,-0.0546,-0.0991,0,0.056,0.9984,0.0118,0,-0.0983,0.0173,-0.995,0,5.1224,-0.51,0.3501,1]},
{"frame":112,"values":[0.9936,-0.0546,-0.0992,0,0.0561,0.9984,0.0121,0,-0.0984,0.0175,-0.995,0,5.1207,-0.5104,0.3669,1]},
{"frame":113,"values":[0.9935,-0.0547,-0.0995,0,0.0562,0.9983,0.0122,0,-0.0987,0.0177,-0.995,0,5.1189,-0.5107,0.3839,1]},
{"frame":114,"values":[0.9935,-0.0547,-0.0996,0,0.0562,0.9983,0.0125,0,-0.0988,0.018,-0.9949,0,5.1166,-0.5111,0.4008,1]},
{"frame":115,"values":[0.9935,-0.0548,-0.0997,0,0.0563,0.9983,0.0127,0,-0.0988,0.0183,-0.9949,0,5.1137,-0.5115,0.4177,1]},
{"frame":116,"values":[0.9935,-0.0548,-0.0997,0,0.0564,0.9983,0.013,0,-0.0988,0.0185,-0.9949,0,5.1105,-0.5119,0.4344,1]},
{"frame":117,"values":[0.9935,-0.0548,-0.0998,0,0.0563,0.9983,0.0131,0,-0.0989,0.0186,-0.9949,0,5.1074,-0.5122,0.4511,1]},
{"frame":118,"values":[0.9935,-0.0546,-0.1,0,0.0562,0.9983,0.0131,0,-0.0992,0.0186,-0.9949,0,5.1041,-0.5124,0.4677,1]},
{"frame":119,"values":[0.9935,-0.0546,-0.1,0,0.0562,0.9983,0.0131,0,-0.0991,0.0187,-0.9949,0,5.1002,-0.5127,0.484,1]},
{"frame":120,"values":[0.9935,-0.0548,-0.0995,0,0.0564,0.9983,0.0133,0,-0.0986,0.0189,-0.995,0,5.095,-0.5136,0.5,1]},
{"frame":121,"values":[0.9936,-0.0551,-0.0985,0,0.0568,0.9983,0.0138,0,-0.0976,0.0193,-0.995,0,5.0888,-0.515,0.5153,1]},
{"frame":122,"values":[0.9937,-0.0555,-0.0976,0,0.0572,0.9983,0.0143,0,-0.0966,0.0198,-0.9951,0,5.0827,-0.5167,0.5301,1]},
{"frame":123,"values":[0.9937,-0.0557,-0.0972,0,0.0574,0.9982,0.0146,0,-0.0962,0.0201,-0.9952,0,5.0774,-0.5189,0.5445,1]},
{"frame":124,"values":[0.9937,-0.0558,-0.0971,0,0.0575,0.9982,0.0148,0,-0.0961,0.0203,-0.9952,0,5.0731,-0.5215,0.5586,1]},
{"frame":125,"values":[0.9937,-0.0559,-0.0971,0,0.0576,0.9982,0.0149,0,-0.0961,0.0204,-0.9952,0,5.069,-0.5246,0.5722,1]},
{"frame":126,"values":[0.9937,-0.0559,-0.0971,0,0.0577,0.9982,0.0151,0,-0.0961,0.0206,-0.9952,0,5.065,-0.5278,0.583,1]},
{"frame":127,"values":[0.9937,-0.056,-0.097,0,0.0577,0.9982,0.0153,0,-0.096,0.0208,-0.9952,0,5.0613,-0.5309,0.5933,1]},
{"frame":128,"values":[0.9937,-0.056,-0.097,0,0.0578,0.9982,0.0155,0,-0.096,0.021,-0.9952,0,5.058,-0.5334,0.6026,1]},
{"frame":129,"values":[0.9937,-0.0559,-0.0971,0,0.0577,0.9982,0.0156,0,-0.096,0.0211,-0.9952,0,5.055,-0.5351,0.6084,1]},
{"frame":130,"values":[0.9937,-0.0558,-0.0972,0,0.0576,0.9982,0.0156,0,-0.0961,0.0211,-0.9951,0,5.0522,-0.5355,0.6096,1]},
{"frame":131,"values":[0.9937,-0.0556,-0.0974,0,0.0574,0.9982,0.0155,0,-0.0964,0.021,-0.9951,0,5.0498,-0.5344,0.6073,1]},
{"frame":132,"values":[0.9937,-0.0555,-0.0979,0,0.0572,0.9982,0.0155,0,-0.0968,0.021,-0.9951,0,5.0477,-0.532,0.6027,1]},
{"frame":133,"values":[0.9936,-0.0554,-0.0983,0,0.0572,0.9982,0.0155,0,-0.0973,0.021,-0.995,0,5.0458,-0.5289,0.5973,1]},
{"frame":134,"values":[0.9936,-0.0553,-0.0987,0,0.0571,0.9982,0.0154,0,-0.0977,0.021,-0.995,0,5.0439,-0.5254,0.5921,1]},
{"frame":135,"values":[0.9936,-0.0552,-0.099,0,0.057,0.9983,0.0154,0,-0.098,0.0209,-0.995,0,5.0419,-0.522,0.587,1]},
{"frame":136,"values":[0.9935,-0.055,-0.0993,0,0.0568,0.9983,0.0152,0,-0.0983,0.0207,-0.9949,0,5.04,-0.5191,0.5813,1]},
{"frame":137,"values":[0.9935,-0.0548,-0.0996,0,0.0566,0.9983,0.015,0,-0.0986,0.0205,-0.9949,0,5.0382,-0.5173,0.5758,1]},
{"frame":138,"values":[0.9935,-0.0546,-0.0999,0,0.0564,0.9983,0.0148,0,-0.0989,0.0203,-0.9949,0,5.0364,-0.5166,0.5711,1]},
{"frame":139,"values":[0.9935,-0.0545,-0.0999,0,0.0562,0.9983,0.0147,0,-0.0989,0.0202,-0.9949,0,5.0344,-0.5167,0.5648,1]},
{"frame":140,"values":[0.9935,-0.0544,-0.0996,0,0.0561,0.9983,0.0146,0,-0.0986,0.0201,-0.9949,0,5.032,-0.5173,0.5546,1]},
{"frame":141,"values":[0.9936,-0.0543,-0.0991,0,0.056,0.9983,0.0145,0,-0.0982,0.02,-0.995,0,5.0254,-0.5182,0.5418,1]},
{"frame":142,"values":[0.9936,-0.0542,-0.0988,0,0.0559,0.9983,0.0144,0,-0.0979,0.0198,-0.995,0,5.0162,-0.5193,0.53,1]},
{"frame":143,"values":[0.9936,-0.0539,-0.0988,0,0.0556,0.9984,0.0142,0,-0.0979,0.0196,-0.995,0,5.0073,-0.5205,0.5206,1]},
{"frame":144,"values":[0.9936,-0.0535,-0.099,0,0.0552,0.9984,0.014,0,-0.0981,0.0194,-0.995,0,4.9987,-0.5217,0.5132,1]},
{"frame":145,"values":[0.9936,-0.0532,-0.0994,0,0.0548,0.9984,0.0138,0,-0.0985,0.0192,-0.9949,0,4.9902,-0.523,0.5062,1]},
{"frame":146,"values":[0.9936,-0.0529,-0.0998,0,0.0545,0.9984,0.0137,0,-0.099,0.0191,-0.9949,0,4.9816,-0.5246,0.4975,1]},
{"frame":147,"values":[0.9936,-0.0527,-0.1001,0,0.0543,0.9984,0.0136,0,-0.0993,0.019,-0.9949,0,4.9725,-0.5265,0.4863,1]},
{"frame":148,"values":[0.9936,-0.0526,-0.1002,0,0.0542,0.9984,0.0135,0,-0.0993,0.0189,-0.9949,0,4.9626,-0.5284,0.4733,1]},
{"frame":149,"values":[0.9936,-0.0525,-0.1001,0,0.0541,0.9984,0.0132,0,-0.0992,0.0186,-0.9949,0,4.9522,-0.53,0.4612,1]},
{"frame":150,"values":[0.9936,-0.0523,-0.1,0,0.0539,0.9985,0.0128,0,-0.0992,0.0181,-0.9949,0,4.9419,-0.5312,0.4524,1]},
{"frame":151,"values":[0.9936,-0.0522,-0.1,0,0.0537,0.9985,0.0121,0,-0.0992,0.0174,-0.9949,0,4.9319,-0.5324,0.4449,1]},
{"frame":152,"values":[0.9936,-0.0521,-0.0998,0,0.0535,0.9985,0.0113,0,-0.0991,0.0166,-0.9949,0,4.922,-0.5337,0.4318,1]},
{"frame":153,"values":[0.9937,-0.052,-0.0994,0,0.0533,0.9985,0.0104,0,-0.0987,0.0157,-0.995,0,4.9118,-0.5348,0.407,1]},
{"frame":154,"values":[0.9937,-0.0519,-0.0989,0,0.0531,0.9985,0.0094,0,-0.0982,0.0146,-0.9951,0,4.9014,-0.5356,0.3719,1]},
{"frame":155,"values":[0.9938,-0.0519,-0.0985,0,0.053,0.9986,0.0085,0,-0.0979,0.0137,-0.9951,0,4.8914,-0.536,0.3364,1]},
{"frame":156,"values":[0.9938,-0.0519,-0.0984,0,0.0529,0.9986,0.008,0,-0.0978,0.0132,-0.9951,0,4.8816,-0.5359,0.307,1]},
{"frame":157,"values":[0.9938,-0.052,-0.0982,0,0.0531,0.9986,0.0079,0,-0.0976,0.0131,-0.9951,0,4.8715,-0.5351,0.2807,1]},
{"frame":158,"values":[0.9938,-0.0523,-0.0976,0,0.0533,0.9985,0.0081,0,-0.0971,0.0132,-0.9952,0,4.861,-0.5333,0.2537,1]},
{"frame":159,"values":[0.9939,-0.0524,-0.097,0,0.0535,0.9985,0.0081,0,-0.0965,0.0132,-0.9952,0,4.8505,-0.5307,0.2286,1]},
{"frame":160,"values":[0.9939,-0.0524,-0.0966,0,0.0534,0.9985,0.0079,0,-0.0961,0.013,-0.9953,0,4.8404,-0.5276,0.2074,1]},
{"frame":161,"values":[0.994,-0.0523,-0.0963,0,0.0533,0.9986,0.0076,0,-0.0957,0.0127,-0.9953,0,4.8304,-0.5246,0.1885,1]},
{"frame":162,"values":[0.994,-0.0522,-0.0958,0,0.0532,0.9986,0.0073,0,-0.0953,0.0123,-0.9954,0,4.82,-0.5217,0.1707,1]},
{"frame":163,"values":[0.9941,-0.0522,-0.0952,0,0.0531,0.9986,0.0071,0,-0.0947,0.0121,-0.9954,0,4.8091,-0.5185,0.154,1]},
{"frame":164,"values":[0.9942,-0.0522,-0.0942,0,0.0531,0.9986,0.0071,0,-0.0937,0.012,-0.9955,0,4.7976,-0.5154,0.1372,1]},
{"frame":165,"values":[0.9943,-0.0523,-0.0931,0,0.0531,0.9986,0.0071,0,-0.0926,0.012,-0.9956,0,4.7856,-0.5125,0.1183,1]},
{"frame":166,"values":[0.9944,-0.0522,-0.0921,0,0.0531,0.9986,0.007,0,-0.0916,0.0119,-0.9957,0,4.7735,-0.51,0.0992,1]},
{"frame":167,"values":[0.9945,-0.0522,-0.0912,0,0.053,0.9986,0.0068,0,-0.0907,0.0116,-0.9958,0,4.7614,-0.5081,0.0834,1]},
{"frame":168,"values":[0.9945,-0.0521,-0.0903,0,0.0529,0.9986,0.0065,0,-0.0898,0.0112,-0.9959,0,4.7494,-0.5066,0.0718,1]},
{"frame":169,"values":[0.9946,-0.0521,-0.0895,0,0.0528,0.9986,0.006,0,-0.089,0.0107,-0.996,0,4.7375,-0.5052,0.0617,1]},
{"frame":170,"values":[0.9947,-0.052,-0.0887,0,0.0527,0.9986,0.0056,0,-0.0883,0.0103,-0.996,0,4.7257,-0.5037,0.0508,1]},
{"frame":171,"values":[0.9947,-0.052,-0.0882,0,0.0526,0.9986,0.0051,0,-0.0878,0.0097,-0.9961,0,4.7144,-0.5024,0.04,1]},
{"frame":172,"values":[0.9948,-0.0519,-0.0879,0,0.0525,0.9986,0.0046,0,-0.0876,0.0092,-0.9961,0,4.7035,-0.501,0.031,1]},
{"frame":173,"values":[0.9948,-0.0518,-0.0878,0,0.0523,0.9986,0.0041,0,-0.0875,0.0086,-0.9961,0,4.693,-0.4998,0.0234,1]},
{"frame":174,"values":[0.9948,-0.0516,-0.0877,0,0.0521,0.9986,0.0036,0,-0.0874,0.0081,-0.9961,0,4.6825,-0.4989,0.0146,1]},
{"frame":175,"values":[0.9949,-0.0514,-0.0873,0,0.0519,0.9986,0.0033,0,-0.087,0.0078,-0.9962,0,4.6719,-0.4981,0.0037,1]},
{"frame":176,"values":[0.9949,-0.0512,-0.0866,0,0.0516,0.9987,0.0031,0,-0.0863,0.0076,-0.9962,0,4.6546,-0.4977,-0.0081,1]},
{"frame":177,"values":[0.995,-0.0508,-0.0857,0,0.0513,0.9987,0.0031,0,-0.0854,0.0075,-0.9963,0,4.6378,-0.4974,-0.0189,1]},
{"frame":178,"values":[0.9951,-0.0504,-0.0845,0,0.0508,0.9987,0.0032,0,-0.0843,0.0075,-0.9964,0,4.6208,-0.4974,-0.0301,1]},
{"frame":179,"values":[0.9953,-0.0499,-0.0833,0,0.0503,0.9987,0.0034,0,-0.083,0.0075,-0.9965,0,4.6015,-0.4974,-0.0448,1]},
{"frame":180,"values":[0.9954,-0.0494,-0.0822,0,0.0498,0.9988,0.0035,0,-0.0819,0.0076,-0.9966,0,4.5774,-0.4975,-0.0635,1]},
{"frame":181,"values":[0.9955,-0.0489,-0.0816,0,0.0493,0.9988,0.0036,0,-0.0813,0.0076,-0.9967,0,4.5481,-0.4976,-0.0816,1]},
{"frame":182,"values":[0.9955,-0.0485,-0.0816,0,0.0489,0.9988,0.0036,0,-0.0813,0.0076,-0.9967,0,4.5136,-0.4981,-0.0966,1]},
{"frame":183,"values":[0.9955,-0.0481,-0.0819,0,0.0485,0.9988,0.0036,0,-0.0816,0.0075,-0.9966,0,4.4737,-0.4989,-0.1126,1]},
{"frame":184,"values":[0.9955,-0.0476,-0.0819,0,0.0481,0.9988,0.0035,0,-0.0817,0.0074,-0.9966,0,4.4285,-0.4998,-0.1346,1]},
{"frame":185,"values":[0.9955,-0.0473,-0.0816,0,0.0477,0.9989,0.0035,0,-0.0814,0.0074,-0.9967,0,4.3801,-0.5007,-0.16,1]},
{"frame":186,"values":[0.9956,-0.0471,-0.0812,0,0.0476,0.9989,0.0037,0,-0.0809,0.0075,-0.9967,0,4.3318,-0.5019,-0.1806,1]},
{"frame":187,"values":[0.9956,-0.0471,-0.0808,0,0.0476,0.9989,0.0039,0,-0.0806,0.0077,-0.9967,0,4.2861,-0.503,-0.1931,1]},
{"frame":188,"values":[0.9956,-0.0471,-0.0807,0,0.0476,0.9989,0.0041,0,-0.0804,0.0079,-0.9967,0,4.244,-0.504,-0.2017,1]},
{"frame":189,"values":[0.9956,-0.047,-0.0807,0,0.0475,0.9989,0.0041,0,-0.0805,0.0079,-0.9967,0,4.2061,-0.5044,-0.2103,1]},
{"frame":190,"values":[0.9956,-0.0468,-0.0808,0,0.0473,0.9989,0.004,0,-0.0805,0.0078,-0.9967,0,4.1725,-0.5044,-0.2194,1]},
{"frame":191,"values":[0.9956,-0.0465,-0.0809,0,0.047,0.9989,0.0038,0,-0.0806,0.0076,-0.9967,0,4.1433,-0.5042,-0.2271,1]},
{"frame":192,"values":[0.9956,-0.0463,-0.0809,0,0.0468,0.9989,0.0038,0,-0.0807,0.0076,-0.9967,0,4.1204,-0.5037,-0.2309,1]},
{"frame":193,"values":[0.9956,-0.0461,-0.0812,0,0.0465,0.9989,0.0037,0,-0.0809,0.0075,-0.9967,0,4.106,-0.503,-0.2296,1]},
{"frame":194,"values":[0.9956,-0.0459,-0.0816,0,0.0463,0.9989,0.0036,0,-0.0814,0.0074,-0.9967,0,4.1002,-0.502,-0.2247,1]},
{"frame":195,"values":[0.9956,-0.0456,-0.0821,0,0.046,0.9989,0.0034,0,-0.0819,0.0072,-0.9966,0,4.1029,-0.5007,-0.219,1]},
{"frame":196,"values":[0.9956,-0.0453,-0.0826,0,0.0457,0.999,0.0031,0,-0.0823,0.0069,-0.9966,0,4.1074,-0.4992,-0.2129,1]},
{"frame":197,"values":[0.9955,-0.0449,-0.0828,0,0.0453,0.999,0.003,0,-0.0826,0.0067,-0.9966,0,4.1133,-0.4971,-0.2042,1]},
{"frame":198,"values":[0.9956,-0.0447,-0.0829,0,0.0451,0.999,0.0029,0,-0.0827,0.0067,-0.9966,0,4.1204,-0.4943,-0.1922,1]},
{"frame":199,"values":[0.9956,-0.0445,-0.0827,0,0.0449,0.999,0.003,0,-0.0825,0.0067,-0.9966,0,4.1288,-0.4915,-0.1783,1]},
{"frame":200,"values":[0.9956,-0.0443,-0.0824,0,0.0447,0.999,0.0031,0,-0.0822,0.0068,-0.9966,0,4.1385,-0.4894,-0.163,1]},
{"frame":201,"values":[0.9956,-0.0442,-0.0821,0,0.0446,0.999,0.0033,0,-0.0819,0.0069,-0.9966,0,4.1495,-0.4878,-0.1462,1]},
{"frame":202,"values":[0.9957,-0.0441,-0.0817,0,0.0445,0.999,0.0034,0,-0.0815,0.0071,-0.9967,0,4.1617,-0.4866,-0.1296,1]},
{"frame":203,"values":[0.9957,-0.044,-0.0814,0,0.0445,0.999,0.0037,0,-0.0811,0.0073,-0.9967,0,4.1751,-0.4859,-0.1144,1]},
{"frame":204,"values":[0.9957,-0.0441,-0.0812,0,0.0446,0.999,0.0039,0,-0.081,0.0075,-0.9967,0,4.1893,-0.4857,-0.0979,1]},
{"frame":205,"values":[0.9957,-0.0444,-0.0813,0,0.0448,0.999,0.0041,0,-0.081,0.0077,-0.9967,0,4.2041,-0.4858,-0.079,1]},
{"frame":206,"values":[0.9957,-0.0447,-0.0814,0,0.0452,0.999,0.0043,0,-0.0811,0.008,-0.9967,0,4.2197,-0.4858,-0.0597,1]},
{"frame":207,"values":[0.9956,-0.045,-0.0816,0,0.0456,0.999,0.0046,0,-0.0813,0.0082,-0.9967,0,4.2366,-0.4858,-0.0405,1]},
{"frame":208,"values":[0.9956,-0.0452,-0.0819,0,0.0458,0.9989,0.0047,0,-0.0816,0.0085,-0.9966,0,4.2552,-0.4857,-0.0187,1]},
{"frame":209,"values":[0.9956,-0.0453,-0.0824,0,0.0459,0.9989,0.0049,0,-0.0821,0.0087,-0.9966,0,4.2754,-0.4857,0.0072,1]},
{"frame":210,"values":[0.9955,-0.0454,-0.0828,0,0.046,0.9989,0.0052,0,-0.0825,0.009,-0.9966,0,4.2962,-0.4858,0.036,1]},
{"frame":211,"values":[0.9955,-0.0455,-0.0828,0,0.0461,0.9989,0.0055,0,-0.0824,0.0093,-0.9966,0,4.3171,-0.486,0.0669,1]},
{"frame":212,"values":[0.9955,-0.0457,-0.0824,0,0.0463,0.9989,0.006,0,-0.0821,0.0098,-0.9966,0,4.338,-0.4864,0.0992,1]},
{"frame":213,"values":[0.9956,-0.0458,-0.082,0,0.0465,0.9989,0.0064,0,-0.0816,0.0102,-0.9966,0,4.3592,-0.4867,0.1301,1]},
{"frame":214,"values":[0.9956,-0.0458,-0.0817,0,0.0465,0.9989,0.0068,0,-0.0813,0.0106,-0.9966,0,4.3809,-0.4871,0.1563,1]},
{"frame":215,"values":[0.9956,-0.0458,-0.0817,0,0.0465,0.9989,0.0071,0,-0.0813,0.0109,-0.9966,0,4.4031,-0.4873,0.177,1]},
{"frame":216,"values":[0.9956,-0.0457,-0.0817,0,0.0464,0.9989,0.0073,0,-0.0813,0.0111,-0.9966,0,4.425,-0.4875,0.1944,1]},
{"frame":217,"values":[0.9956,-0.0456,-0.0815,0,0.0463,0.9989,0.0076,0,-0.081,0.0113,-0.9966,0,4.4459,-0.4877,0.2097,1]},
{"frame":218,"values":[0.9957,-0.0455,-0.0808,0,0.0462,0.9989,0.0079,0,-0.0803,0.0116,-0.9967,0,4.4658,-0.488,0.2228,1]},
{"frame":219,"values":[0.9958,-0.0454,-0.08,0,0.0462,0.9989,0.0081,0,-0.0795,0.0118,-0.9968,0,4.4849,-0.4884,0.2338,1]},
{"frame":220,"values":[0.9958,-0.0453,-0.0792,0,0.0461,0.9989,0.0083,0,-0.0788,0.012,-0.9968,0,4.5032,-0.4888,0.243,1]},
{"frame":221,"values":[0.9959,-0.0453,-0.0786,0,0.0461,0.9989,0.0085,0,-0.0781,0.0121,-0.9969,0,4.5207,-0.4891,0.2505,1]},
{"frame":222,"values":[0.9959,-0.0453,-0.078,0,0.0461,0.9989,0.0088,0,-0.0776,0.0123,-0.9969,0,4.5371,-0.4897,0.2553,1]},
{"frame":223,"values":[0.996,-0.0454,-0.0776,0,0.0462,0.9989,0.009,0,-0.0771,0.0126,-0.9969,0,4.5524,-0.4903,0.2571,1]},
{"frame":224,"values":[0.996,-0.0454,-0.0773,0,0.0462,0.9989,0.0093,0,-0.0767,0.0129,-0.997,0,4.5671,-0.4911,0.2575,1]},
{"frame":225,"values":[0.996,-0.0454,-0.0771,0,0.0463,0.9989,0.0096,0,-0.0766,0.0131,-0.997,0,4.5812,-0.4919,0.2584,1]},
{"frame":226,"values":[0.996,-0.0454,-0.0771,0,0.0463,0.9989,0.0099,0,-0.0766,0.0134,-0.997,0,4.5946,-0.4928,0.2605,1]},
{"frame":227,"values":[0.996,-0.0454,-0.0772,0,0.0463,0.9989,0.0101,0,-0.0766,0.0136,-0.997,0,4.6071,-0.4937,0.2634,1]},
{"frame":228,"values":[0.996,-0.0453,-0.0773,0,0.0462,0.9989,0.0102,0,-0.0767,0.0137,-0.997,0,4.6189,-0.4945,0.267,1]},
{"frame":229,"values":[0.996,-0.0453,-0.0775,0,0.0462,0.9989,0.01,0,-0.077,0.0136,-0.9969,0,4.63,-0.4952,0.2709,1]},
{"frame":230,"values":[0.9959,-0.0452,-0.078,0,0.0461,0.9989,0.0098,0,-0.0774,0.0134,-0.9969,0,4.6404,-0.496,0.2745,1]},
{"frame":231,"values":[0.9959,-0.0452,-0.0785,0,0.0461,0.9989,0.0096,0,-0.078,0.0132,-0.9969,0,4.6498,-0.4968,0.2765,1]},
{"frame":232,"values":[0.9958,-0.0452,-0.079,0,0.0461,0.9989,0.0095,0,-0.0785,0.0131,-0.9968,0,4.6578,-0.4979,0.2748,1]},
{"frame":233,"values":[0.9958,-0.0453,-0.0794,0,0.0462,0.9989,0.0094,0,-0.0789,0.0131,-0.9968,0,4.6643,-0.4992,0.2688,1]},
{"frame":234,"values":[0.9958,-0.0455,-0.0797,0,0.0464,0.9989,0.0094,0,-0.0792,0.0131,-0.9968,0,4.6697,-0.5006,0.2596,1]},
{"frame":235,"values":[0.9957,-0.0456,-0.08,0,0.0465,0.9989,0.0094,0,-0.0795,0.0131,-0.9967,0,4.674,-0.5021,0.2485,1]},
{"frame":236,"values":[0.9957,-0.0457,-0.0803,0,0.0466,0.9989,0.0094,0,-0.0798,0.0131,-0.9967,0,4.6775,-0.5036,0.2365,1]},
{"frame":237,"values":[0.9957,-0.0458,-0.0807,0,0.0467,0.9989,0.0095,0,-0.0802,0.0133,-0.9967,0,4.6803,-0.5052,0.2244,1]},
{"frame":238,"values":[0.9957,-0.0459,-0.0811,0,0.0468,0.9989,0.0097,0,-0.0805,0.0135,-0.9967,0,4.6825,-0.5069,0.214,1]},
{"frame":239,"values":[0.9956,-0.046,-0.0815,0,0.047,0.9988,0.0098,0,-0.0809,0.0136,-0.9966,0,4.6842,-0.5087,0.2075,1]},
{"frame":240,"values":[0.9956,-0.0462,-0.0818,0,0.0471,0.9988,0.0099,0,-0.0813,0.0137,-0.9966,0,4.6855,-0.5103,0.2046,1]},
{"frame":241,"values":[0.9956,-0.0461,-0.082,0,0.047,0.9988,0.0098,0,-0.0814,0.0136,-0.9966,0,4.6871,-0.5115,0.2028,1]},
{"frame":251,"values":[0.9924,-0.0553,-0.11,0,0.062,0.9963,0.0588,0,-0.1063,0.0652,-0.9922,0,0.2393,-0.4462,0.0629,1]},
{"frame":252,"values":[0.9979,-0.0505,-0.0418,0,0.0525,0.9974,0.0495,0,-0.0392,0.0516,-0.9979,0,0.0962,-0.6148,0.754,1]},
{"frame":253,"values":[0.9983,-0.0482,0.0325,0,0.0468,0.998,0.0435,0,0.0345,0.0419,-0.9985,0,-0.1883,-0.8443,1.4883,1]},
{"frame":254,"values":[0.9934,-0.0443,0.1057,0,0.0402,0.9984,0.0407,0,0.1073,0.0362,-0.9936,0,-0.6477,-0.872,2.3618,1]},
{"frame":255,"values":[0.9844,-0.0392,0.1718,0,0.0327,0.9987,0.0403,0,0.1732,0.0341,-0.9843,0,-1.2712,-0.7113,3.3121,1]},
{"frame":256,"values":[0.9728,-0.036,0.229,0,0.0271,0.9987,0.042,0,0.2303,0.0347,-0.9725,0,-1.9656,-0.6093,4.263,1]},
{"frame":257,"values":[0.96,-0.038,0.2775,0,0.0262,0.9986,0.0461,0,0.2788,0.0369,-0.9596,0,-2.6277,-0.6969,5.1761,1]},
{"frame":258,"values":[0.9463,-0.044,0.3203,0,0.0291,0.9983,0.0512,0,0.322,0.0392,-0.9459,0,-3.2392,-0.9114,6.0642,1]},
{"frame":259,"values":[0.9302,-0.0508,0.3635,0,0.0322,0.9979,0.0571,0,0.3656,0.0414,-0.9299,0,-3.7888,-1.1612,6.9475,1]},
{"frame":260,"values":[0.9115,-0.057,0.4073,0,0.0332,0.9973,0.0651,0,0.4099,0.0458,-0.911,0,-4.2334,-1.3601,7.7873,1]},
{"frame":261,"values":[0.8928,-0.061,0.4464,0,0.0308,0.9967,0.0746,0,0.4495,0.0528,-0.8917,0,-4.4977,-1.4243,8.5551,1]},
{"frame":262,"values":[0.8761,-0.0622,0.4782,0,0.0255,0.9962,0.083,0,0.4815,0.0605,-0.8743,0,-4.4793,-1.3785,9.2737,1]},
{"frame":263,"values":[0.8599,-0.0603,0.5068,0,0.0177,0.9959,0.0885,0,0.5101,0.0671,-0.8575,0,-4.2758,-1.3401,9.9874,1]},
{"frame":264,"values":[0.8402,-0.052,0.5398,0,0.0045,0.996,0.0888,0,0.5423,0.0722,-0.8371,0,-4.1476,-1.5117,10.6321,1]},
{"frame":265,"values":[0.8136,-0.0471,0.5795,0,-0.0073,0.9958,0.0912,0,0.5814,0.0784,-0.8099,0,-4.1307,-1.7935,11.1284,1]},
{"frame":266,"values":[0.7784,-0.0502,0.6257,0,-0.015,0.995,0.0985,0,0.6276,0.086,-0.7738,0,-4.1453,-1.9462,11.4617,1]},
{"frame":267,"values":[0.7315,-0.0586,0.6793,0,-0.0193,0.9941,0.1065,0,0.6816,0.091,-0.7261,0,-4.1915,-1.8628,11.5657,1]},
{"frame":268,"values":[0.6747,-0.0646,0.7352,0,-0.0253,0.9935,0.1106,0,0.7376,0.0932,-0.6687,0,-4.2405,-1.6534,11.3927,1]},
{"frame":281,"values":[0.9924,-0.0551,0.1098,0,0.0475,0.9963,0.071,0,0.1134,0.0652,-0.9914,0,0.3259,-0.4523,0.1335,1]},
{"frame":282,"values":[0.9959,-0.0549,0.0714,0,0.0502,0.9966,0.0657,0,0.0748,0.0618,-0.9953,0,0.8708,-0.71,0.4853,1]},
{"frame":283,"values":[0.9979,-0.0538,0.0351,0,0.0517,0.9969,0.0594,0,0.0382,0.0575,-0.9976,0,2.1828,-1.1883,1.2125,1]},
{"frame":284,"values":[0.9986,-0.0526,0,0,0.0525,0.9972,0.0528,0,0.0027,0.0527,-0.9986,0,3.9357,-1.5458,1.8444,1]},
{"frame":285,"values":[0.9979,-0.0538,-0.0351,0,0.0554,0.9974,0.0461,0,-0.0325,0.0479,-0.9983,0,5.8224,-1.548,2.4293,1]},
{"frame":286,"values":[0.9959,-0.0553,-0.071,0,0.0582,0.9975,0.0395,0,-0.0686,0.0435,-0.9967,0,7.4169,-1.4697,2.9611,1]},
{"frame":287,"values":[0.9925,-0.0563,-0.1088,0,0.0603,0.9976,0.0336,0,-0.1067,0.0399,-0.9935,0,8.6266,-1.5232,3.3674,1]},
{"frame":288,"values":[0.9871,-0.0569,-0.1496,0,0.0619,0.9977,0.0287,0,-0.1476,0.0375,-0.9883,0,9.5869,-1.6895,3.6797,1]},
{"frame":289,"values":[0.9793,-0.0566,-0.1942,0,0.0627,0.9977,0.0252,0,-0.1923,0.0369,-0.9806,0,10.3007,-1.902,3.9889,1]},
{"frame":290,"values":[0.9683,-0.0563,-0.2434,0,0.0638,0.9977,0.0234,0,-0.2415,0.0382,-0.9696,0,10.784,-2.0669,4.3162,1]},
{"frame":291,"values":[0.9508,-0.054,-0.3049,0,0.065,0.9975,0.0261,0,-0.3028,0.0447,-0.952,0,11.0241,-2.1213,4.7534,1]},
{"frame":292,"values":[0.9297,-0.0527,-0.3644,0,0.0687,0.9971,0.0312,0,-0.3618,0.054,-0.9307,0,10.9327,-2.0295,5.3581,1]},
{"frame":293,"values":[0.907,-0.0547,-0.4175,0,0.0755,0.9966,0.0334,0,-0.4143,0.0618,-0.908,0,10.5582,-1.9311,6.1022,1]},
{"frame":294,"values":[0.8764,-0.0618,-0.4776,0,0.0868,0.9958,0.0303,0,-0.4737,0.068,-0.878,0,10.1632,-2.0057,6.9033,1]},
{"frame":295,"values":[0.8332,-0.0632,-0.5494,0,0.0946,0.9951,0.0291,0,-0.5449,0.0762,-0.835,0,9.8175,-2.1353,7.6479,1]},
{"frame":296,"values":[0.7732,-0.0559,-0.6317,0,0.0978,0.9947,0.0317,0,-0.6266,0.0863,-0.7745,0,9.4538,-2.1884,8.2731,1]},
{"frame":297,"values":[0.6894,-0.0427,-0.7231,0,0.0969,0.9947,0.0336,0,-0.7179,0.0932,-0.6899,0,9.0912,-2.0064,8.6711,1]},
{"frame":298,"values":[0.5834,-0.0313,-0.8116,0,0.0969,0.9948,0.0313,0,-0.8064,0.0969,-0.5833,0,8.7239,-1.72,8.7464,1]},
{"frame":299,"values":[0.4643,-0.0212,-0.8854,0,0.0987,0.9947,0.028,0,-0.8802,0.1004,-0.4639,0,8.266,-1.3879,8.5006,1]},
{"frame":300,"values":[0.3543,-0.0129,-0.9351,0,0.0978,0.9949,0.0234,0,-0.93,0.0997,-0.3537,0,7.6551,-1.0279,8.047,1]},
{"frame":301,"values":[0.2798,-0.0126,-0.96,0,0.0953,0.9953,0.0147,0,-0.9553,0.0956,-0.2797,0,6.9018,-0.7667,7.3885,1]},
{"frame":302,"values":[0.2201,-0.0149,-0.9754,0,0.0922,0.9957,0.0056,0,-0.9711,0.0912,-0.2205,0,5.9492,-0.6596,6.5864,1]},
{"frame":303,"values":[0.1662,-0.0176,-0.9859,0,0.0885,0.9961,-0.0029,0,-0.9821,0.0868,-0.1672,0,4.804,-0.7213,5.6516,1]},
{"frame":311,"values":[0.9982,-0.0348,0.0484,0,0.0356,0.9992,-0.0161,0,0.0478,-0.0178,-0.9987,0,0.006,-1.9977,0.1016,1]},
{"frame":312,"values":[0.9991,-0.0345,0.0245,0,0.0349,0.9992,-0.0169,0,0.0239,-0.0178,-0.9996,0,-0.1125,-1.3919,-5.2808,1]},
{"frame":313,"values":[0.9993,-0.0371,0.0044,0,0.0372,0.9992,-0.0154,0,0.0039,-0.0156,-0.9999,0,-0.1976,-1.3339,-10.5777,1]},
{"frame":314,"values":[0.9992,-0.0386,-0.0099,0,0.0384,0.9992,-0.0124,0,-0.0104,-0.012,-0.9999,0,-0.2216,-1.7196,-16.0547,1]},
{"frame":315,"values":[0.9991,-0.0369,-0.0206,0,0.0367,0.9993,-0.0109,0,-0.021,-0.0101,-0.9997,0,-0.2366,-2.4346,-21.3455,1]},
{"frame":316,"values":[0.9989,-0.0339,-0.0321,0,0.0335,0.9994,-0.0125,0,-0.0325,-0.0114,-0.9994,0,-0.1876,-3.347,-26.5602,1]},
{"frame":317,"values":[0.9984,-0.0326,-0.046,0,0.0319,0.9994,-0.0149,0,-0.0465,-0.0134,-0.9988,0,-0.044,-4.3691,-31.8943,1]},
{"frame":318,"values":[0.9977,-0.0324,-0.0597,0,0.0315,0.9994,-0.015,0,-0.0602,-0.0131,-0.9981,0,0.2034,-5.5863,-37.6045,1]},
{"frame":319,"values":[0.9971,-0.0299,-0.0699,0,0.029,0.9995,-0.0142,0,-0.0703,-0.0122,-0.9974,0,0.6496,-6.9412,-43.8337,1]},
{"frame":320,"values":[0.9969,-0.0236,-0.0748,0,0.0223,0.9996,-0.0175,0,-0.0752,-0.0158,-0.997,0,1.1045,-7.7303,-50.2378,1]},
{"frame":321,"values":[0.9972,-0.0141,-0.0731,0,0.0123,0.9996,-0.0248,0,-0.0734,-0.0239,-0.997,0,1.5923,-7.9698,-56.3788,1]},
{"frame":322,"values":[0.9978,-0.0058,-0.0654,0,0.0039,0.9996,-0.0292,0,-0.0656,-0.0289,-0.9974,0,2.0386,-7.8048,-62.0534,1]},
{"frame":323,"values":[0.9984,-0.001,-0.0564,0,-0.0005,0.9997,-0.0263,0,-0.0564,-0.0263,-0.9981,0,2.503,-6.7554,-67.532,1]},
{"frame":324,"values":[0.9988,-0.0021,-0.0482,0,0.0012,0.9998,-0.0198,0,-0.0483,-0.0197,-0.9986,0,2.8922,-5.0924,-72.9274,1]},
{"frame":325,"values":[0.9993,-0.0086,-0.0357,0,0.008,0.9999,-0.0153,0,-0.0359,-0.015,-0.9992,0,3.1398,-3.4528,-78.2244,1]},
{"frame":326,"values":[0.9998,-0.0161,-0.0118,0,0.0159,0.9998,-0.0154,0,-0.012,-0.0152,-0.9998,0,3.3452,-1.9924,-83.6878,1]},
{"frame":327,"values":[0.9996,-0.018,0.0215,0,0.0184,0.9996,-0.0199,0,0.0212,-0.0203,-0.9996,0,3.4824,-1.1135,-88.848,1]},
{"frame":328,"values":[0.9985,-0.011,0.0535,0,0.0125,0.9996,-0.0264,0,0.0532,-0.027,-0.9982,0,3.5469,-0.923,-93.9315,1]},
{"frame":329,"values":[0.9971,0.0009,0.0757,0,0.0015,0.9995,-0.0314,0,0.0757,-0.0314,-0.9966,0,3.5738,-1.3591,-99.2188,1]},
{"frame":330,"values":[0.996,0.0114,0.0885,0,-0.0085,0.9994,-0.0334,0,0.0888,-0.0326,-0.9955,0,3.6125,-2.301,-104.5531,1]},
{"frame":331,"values":[0.995,0.018,0.0982,0,-0.0148,0.9993,-0.0338,0,0.0987,-0.0322,-0.9946,0,3.6112,-3.4471,-109.8908,1]},
{"frame":332,"values":[0.9936,0.0222,0.1105,0,-0.0185,0.9992,-0.0347,0,0.1112,-0.0325,-0.9933,0,3.5644,-4.8528,-115.3196,1]},
{"frame":333,"values":[0.9917,0.0251,0.1263,0,-0.0205,0.9991,-0.0373,0,0.1271,-0.0343,-0.9913,0,3.4127,-6.268,-120.7737,1]},
{"frame":334,"values":[0.9897,0.0243,0.141,0,-0.0186,0.999,-0.0412,0,0.1419,-0.0382,-0.9892,0,3.0307,-7.5087,-126.6751,1]},
{"frame":341,"values":[1,-0.0021,-0.0092,0,0.0028,0.9977,0.0683,0,-0.0091,0.0683,-0.9976,0,0.2069,-1.8813,0.1674,1]},
{"frame":342,"values":[0.9999,-0.0103,0.0025,0,0.01,0.9968,0.0793,0,0.0033,0.0793,-0.9968,0,0.0822,-1.8988,3.0912,1]},
{"frame":343,"values":[0.9998,-0.0189,0.0112,0,0.0179,0.9962,0.0856,0,0.0128,0.0853,-0.9963,0,0.0228,-2.0903,6.0999,1]},
{"frame":344,"values":[0.9995,-0.0263,0.0186,0,0.0246,0.9957,0.0891,0,0.0208,0.0886,-0.9959,0,0.0816,-2.4255,9.1864,1]},
{"frame":345,"values":[0.9992,-0.032,0.0259,0,0.0296,0.9957,0.0882,0,0.0287,0.0874,-0.9958,0,0.2342,-2.818,12.4185,1]},
{"frame":346,"values":[0.9988,-0.0338,0.0362,0,0.0306,0.9959,0.0857,0,0.039,0.0845,-0.9957,0,0.4841,-3.3375,15.791,1]},
{"frame":347,"values":[0.9981,-0.0297,0.0543,0,0.0253,0.9965,0.0794,0,0.0565,0.0779,-0.9954,0,0.8854,-4.0341,19.4008,1]},
{"frame":348,"values":[0.9966,-0.0228,0.079,0,0.0178,0.9978,0.0637,0,0.0803,0.0621,-0.9948,0,1.413,-4.665,23.402,1]},
{"frame":349,"values":[0.9942,-0.0114,0.1066,0,0.0069,0.9991,0.0423,0,0.107,0.0413,-0.9934,0,2.0499,-5.1799,27.8522,1]},
{"frame":350,"values":[0.9916,0.0052,0.1294,0,-0.0082,0.9997,0.0225,0,0.1292,0.0234,-0.9913,0,2.7719,-5.5214,32.7,1]},
{"frame":351,"values":[0.9897,0.0256,0.1406,0,-0.0269,0.9996,0.0071,0,0.1404,0.0108,-0.99,0,3.5389,-5.6004,37.8377,1]},
{"frame":352,"values":[0.9896,0.0384,0.1389,0,-0.0388,0.9992,-0.0001,0,0.1388,0.0053,-0.9903,0,4.0968,-5.5019,43.0888,1]},
{"frame":353,"values":[0.9907,0.0414,0.1293,0,-0.0424,0.9991,0.0047,0,0.129,0.0102,-0.9916,0,4.4716,-5.3079,48.0535,1]},
{"frame":354,"values":[0.9921,0.0411,0.1186,0,-0.0432,0.9989,0.0156,0,0.1179,0.0206,-0.9928,0,4.8129,-5.1057,52.359,1]},
{"frame":355,"values":[0.9932,0.0339,0.1117,0,-0.0369,0.999,0.0252,0,0.1107,0.0291,-0.9934,0,5.0791,-4.672,56.1455,1]},
{"frame":356,"values":[0.9938,0.0203,0.1097,0,-0.0239,0.9992,0.0316,0,0.109,0.034,-0.9935,0,5.1632,-3.9927,59.6249,1]},
{"frame":357,"values":[0.9943,0.0079,0.1063,0,-0.0119,0.9992,0.0369,0,0.1059,0.0379,-0.9937,0,5.1182,-3.2905,62.9456,1]},
{"frame":358,"values":[0.9951,0.0023,0.0988,0,-0.0063,0.9992,0.0403,0,0.0987,0.0408,-0.9943,0,5.0992,-2.7685,66.2257,1]},
{"frame":359,"values":[0.9957,0.0017,0.0921,0,-0.0057,0.9991,0.0429,0,0.0919,0.0432,-0.9948,0,5.1142,-2.5165,69.4207,1]},
{"frame":360,"values":[0.9963,0.0043,0.086,0,-0.0085,0.9988,0.0483,0,0.0857,0.0488,-0.9951,0,5.1342,-2.5233,72.5082,1]},
{"frame":361,"values":[0.9968,0.0095,0.08,0,-0.014,0.9983,0.0559,0,0.0793,0.0569,-0.9952,0,5.1233,-2.7871,75.5767,1]},
{"frame":362,"values":[0.997,0.0144,0.0765,0,-0.0193,0.9978,0.0632,0,0.0754,0.0645,-0.9951,0,5.03,-3.2713,78.6841,1]},
{"frame":363,"values":[0.997,0.0176,0.075,0,-0.0225,0.9977,0.0644,0,0.0736,0.0659,-0.9951,0,4.809,-3.8283,81.8842,1]},
